1.4039815558762363
1.3632607103532084
1.3441425317974567
1.3441473667940627
1.3420403333393254
1.3386854246673903
1.3368378791632627
1.3350156223398415
1.3334606906731958
1.3311520301984558
1.3294731755115639
1.3279542742697727
1.3274903103974063
1.3269245991586243
1.3271991395014535
1.3265165916050936
1.3262571461894477
1.3258716093546457
1.325978576892316
1.3258387441550172
1.325403432246428
1.325264857037664
1.3249043554953621
1.325090628870191
1.324434298398295
1.3242257061185077
1.3240988935191647
1.323881650690032
1.3237352183585982
1.3236514551070206
1.3234521706553548
1.3233769950393302
1.3234673277157243
1.3233713224136683
1.323028851338186
1.3232863304455333
1.322966183092775
1.3229138726198475
1.3220997681547566
1.3226055218886223
1.3217524653331572
1.321355091579455
1.3213218067611352
1.3211875120571461
1.3210756686482412
1.3209469661662183
1.3209417806131758
1.3209400244933458
1.3209947888611342
1.321016134644884
1.3211285569321431
1.3210606225489117
1.3210189151906955
1.3209745940054691
1.3207425352868976
1.3207283112805572
1.320703589022834
1.3206460780413827
1.3207432913609625
1.3205699101370518
1.3206412703192119
1.3206689080964935
1.320782268267902
1.3208607997481374
1.320806683047839
1.3208369933794208
1.3208753056633762
1.3209167346673378
1.3210094066200793
1.3209304210255552
1.3209251333310963
1.3210636242658318
1.3210840071639767
1.3209317505910472
1.320904027101847
1.3209181565896269
1.3207421275993316
1.3206590032785155
1.3206204942770023
1.3205756856890765
1.3205568252061723
1.3205177212122974
1.3204120265659562
1.3203933093399915
1.320456817086476
1.320442204392663
1.3203893677049734
1.3204428637644319
1.320379103383835
1.3203746638503866
1.3202824840252367
1.3201863690039881
1.3201359007639761
1.3201428985824564
1.3200948459861268
1.3199807798030647
1.3199225766082279
1.3198979839277478
1.3198537868858404
1.3198598661345644
1.3198486094670367
1.3198912004936434
1.3199799209867653
1.3197765401968313
1.3197382137109197
1.3197200050118818
1.3196787664823837
1.3196500375816238
1.3196680925777577
1.3195713887676614
1.3196414346239849
1.319650399522353
1.319673096472703
1.3196590727347346
1.3197079571950525
1.319628858809768
1.3195914097312813
1.3196552757758457
1.319617510361019
1.31960568812358
1.3195479877429255
1.3195080528352514
1.3194886004779078
1.3195002194649332
1.3194503802695032
1.3195296320900731
1.3195851205007887
1.3196276610082607
1.3196088658432175
1.3195820408040282
1.3196123422053947
1.3196098458930485
1.3197695608055202
1.3196804937520978
1.3195489822453264
1.3194589384067328
1.3194760696607009
1.3194491070177752
1.319745100511613
1.3198229809011743
1.3198321630588328
1.319640440675668
1.3194919198333386
1.3195996760458053
1.3196182339921576
1.3196643699720931
1.3196288062076882
1.3197914822968124
1.3197286675398225
1.3197426310671887
1.3196596144662016
1.3196505865337647
1.3196596662049886
1.3196246315170903
1.3196786072149675
1.319682913481218
1.3196888970656095
1.3196926508261346
1.319680903346642
1.3196479307398046
1.3196480257827312
1.3196512380340715
1.3196777068737806
1.319542693397047
1.3195745451317433
1.3196631832814492
1.3195803979994312
1.319579773581409
1.3196446045689094
1.3196532331525102
1.3196291777641171
1.3196204827649094
1.3196188980737227
1.319585545650311
1.3195854465509822
1.3202825902168114
1.319524921320619
1.320214358972087
1.3194725492907782
1.3195044673888814
1.3195257974957224
1.3195304654341709
1.3195385053074684
1.3195294643804323
1.3195140373585124
1.3194796836243976
1.319485578160747
1.319495368683696
1.3194980398593807
1.3194767259789162
1.3194615303120985
1.3194301020996095
1.3194019412021445
1.319377854383817
1.3194064659472502
1.3194351981972396
1.3194316478538766
1.3194213453440697
1.319410803747911
1.319376268782493
1.3193761306594791
1.3193662867879978
1.3193792279707282
1.3193966868332059
1.3194043616433102
1.319402932421889
1.3193863683122042
1.3194074550873873
1.319450344547443
1.3194478790866213
1.319438801272721
1.3194890949611042
1.319465266715637
1.31947176556175
1.3195200839121897
1.3195530238572442
1.3195488529018866
1.3195324249830673
1.319529127365041
1.3195396409588123
1.3195580548497083
1.319512490847157
1.3195025419170865
1.3195205770975296
1.3195506579255694
1.319563493696859
1.3202738757376615
1.3195641879621667
1.3195690746230122
1.3195642849028626
1.3202222384289737
1.320194563093266
1.3201614072936678
1.3201593940150234
1.320161181945411
1.3201461293466672
1.32017407338084
1.32017114747737
1.3201475704038383
1.320125355906128
1.3201573292342306
1.3201162126335675
1.320103078726984
1.320134667042596
1.3201264877713743
1.3201146107093367
1.3200968866876983
1.3201545694061156
1.3201416382411741
1.3202060481130635
1.3202055150982852
1.3201539162142584
1.3201479080559062
1.3202016327676347
1.3202066357303024
1.3201966768155327
1.3202125657872494
1.320205242494503
1.3202442515862116
1.3202647409351258
1.3202496839677034
1.3202077896416173
1.320221654332144
1.3202228108177294
1.3202063834298876
1.320195938201437
1.3201984419693087
1.3202101115911173
1.320199897828118
1.3202009837314788
1.3202600349363969
1.3202542506543737
1.320229192143106
1.3202242701000195
1.3202559008539179
1.3201994369804502
1.3201721686134429
1.32017733519927
1.320159495951624
1.3201597106999103
1.3201493998587344
1.3201774810116595
1.3201787905471647
1.3201674659033247
1.3201825142274608
1.3201819980257872
1.3201786306569543
1.3201747535075832
1.3201948955031135
1.320206609598301
1.3202302761925266
1.3201938665296367
1.3202432880415542
1.320201242663229
1.3201891750984363
1.3201983987118704
1.320189874294448
1.320178986795345
1.3201704077805132
1.3201624679681998
1.3201597269251268
1.3201158174909577
1.3200981018657283
1.3200775396247064
1.3200827067866088
1.3200904169269336
1.3201084679537534
1.320092252824544
1.3201072949899784
1.3201278700804218
1.3201254406180851
1.3200804334352154
1.320098554364095
1.3201079275560157
1.3201024398218468
1.3200959581088774
1.3200750106754848
1.320056367721929
1.3200707731155024
1.3200572264023
1.320052261155368
1.320105289304353
1.3201107718818665
1.3201173152136132
1.3201285502082567
1.3201361218671148
1.3201574498704483
1.3201833601873294
1.32015166218525
1.3201262089911638
1.3201241069431118
1.3201113063041467
1.3201043668075367
1.320090366775428
1.3200892183893347
1.320096641997978
1.3200821661721545
1.320091723559287
1.3200848696200431
1.3200730292817313
1.320077632206866
1.3200826922777686
1.3201064698315481
1.3201105020236812
1.3201154664004355
1.320092473692694
1.3201017655786023
1.3201097519889944
1.3200970652626358
1.3200941011504679
1.32011538348071
1.320102291264338
1.3201096655983624
1.3201125770415993
1.3201303271204101
1.3201068606445898
1.3201084576286963
1.320111787432
1.3200996812883248
1.3200827303735538
1.3200937112000224
1.3201141369932925
1.3201153629524385
1.3201169555209418
1.320102258156251
1.3200970041440656
1.3201031782036547
1.3201082346478878
1.3201049204344688
1.3200911543329357
1.320087426602098
1.3201009675142374
1.3201098000227758
1.3201235112098992
1.3201151853605775
1.32011861496592
1.3201059479869988
1.32012111165433
1.3200879574907474
1.3200753686267885
1.3200580212786825
1.3200569829581166
1.3200424330400329
1.3200343413746507
1.3200440568215215
1.320047717241288
1.3200099709873703
1.320015803213355
1.3200221365313034
1.320028881349211
1.3200258903549122
1.3200386854223891
1.3200292717260478
1.3200353852068838
1.3200166834156681
1.320031433842011
1.320014498581751
1.3200154690720047
1.3199975227309195
1.319985876506857
1.3199692916733385
1.3199709420168224
1.3199587587850712
1.3199679572586256
1.3199610360521252
1.319974775257727
1.3199789931876231
1.3199722840471086
1.3199742598376472
1.3199663206359438
1.3199636892453523
1.3199576963361082
1.3199665072063098
1.3199542918828728
1.3199749971706405
1.3199529470597382
1.3199469054426882
1.3199482934895872
1.3199236661252616
1.3199305578731682
1.3199322985367734
1.3199357252158455
1.3199604630817248
1.3199635258896902
1.3199555151997238
1.3199454365602534
1.3199615878392954
1.3199608269199938
1.3199763180388937
1.319966249427713
1.319963342015697
1.3199654166869716
1.3199661174571504
1.3199907788502845
1.3200005541147748
1.3200265500692199
1.3200190507853908
1.320018792936884
1.3200199490833218
1.3200185998017817
1.3200237298109156
1.3200341321323104
1.3200406874453996
1.3200318130354847
1.3200412730702933
1.3200501389643604
1.320053611888942
1.3200539959179618
1.320046169802971
1.3200330471444872
1.3200402553539752
1.3200218887731727
1.3200316863891466
1.320036318789706
1.3200444758647474
1.3200333628994738
1.3200217443457762
1.3200454224039722
1.320038778293941
1.3200297262543168
1.3200227249157412
1.3200204973518903
1.3200282203681748
1.3200293979748396
1.3200424942685927
1.320048577538562
1.3200568447539855
1.320036702886818
1.3200205994657819
1.3200246580900703
1.3200313578951073
1.320014786001488
1.3199931117743984
1.3199776012430007
1.3199804117899614
1.319987392409427
1.319990670874777
1.3199854843915142
1.31997846534451
1.3199774770283985
1.3199624196723978
1.3199745777476095
1.3199727160386132
1.3199762078572155
1.3199823860098665
1.3199744064495313
1.3199801571821888
1.319983524772336
1.319976116396491
1.3199725616357525
1.319977818896284
1.3199754837100512
1.3199608083029053
1.3199594336488862
1.3199620871245104
1.319971986575727
1.3199598191292314
1.319964857714622
1.3199614093761705
1.3199553872137737
1.3199503501527223
1.3199550523483048
1.319948207805562
1.3199510719835477
1.3199793913915192
1.319977322207306
1.3199825151583802
1.3199811841768678
1.3200035681803743
1.3199995114231957
1.3199895813228306
1.3199700393245544
1.3199675155086386
1.3199636964895873
1.3199691399679998
1.3199582697974785
1.3199601322084031
1.3199388935567578
1.3199323180329563
1.3199417947171475
1.319942551739725
1.31994133876578
1.3199421582344313
1.3199446147116671
1.3199533679895699
1.319949817296234
1.3199427825573922
1.3207284217187558
1.3207064053627076
1.3207107243886633
1.3206973467763816
1.3207006039920461
1.3206957217217368
1.3206951905074966
1.3206921613027565
1.3199078894189475
1.3206908669030497
1.3199131838825517
1.3207052742366352
1.3199135240008322
1.3198967738431648
1.3198896405778289
1.319888586130297
1.3198761248857735
1.3198792575342022
1.3198745630311277
1.3198966019312623
1.32068910586236
1.3206919089733176
1.3199045641798623
1.3199038545461113
1.3199076810265298
1.3207079381207294
1.32071803016534
1.3207289571873073
1.319949121358971
1.3199592309286645
1.319969376060627
1.31996017017617
1.3199592216885732
1.3199622346807343
1.3199700576611284
1.3207530978937336
1.319979383944949
1.3207607612052623
1.3207483571457408
1.3207551530324868
1.3207537427050042
1.3207420555533695
1.3207520484470314
1.3207385243783116
1.3207273031875921
1.320732439404574
1.3207262016425394
1.3207300326986846
1.320732653647723
1.3207291790132856
1.3207301279349744
1.3207262731636182
1.3207381713117716
1.3207487767740338
1.3207526121376467
1.3207413412332054
1.320742675216018
1.3207475435413467
1.3207310942395993
1.3207332879209623
1.320740024434168
1.32073850487648
1.3207544971084793
1.3199517317398117
1.3199503336058165
1.3207534605032503
1.320747384263881
1.3207446808278276
1.3207387539858468
1.320729154302772
1.3207273753910314
1.3207236436842558
1.3207246654952767
1.3207357327875102
1.3207429369400825
1.3207446241796745
1.32073664618332
1.3207326722349821
1.320740972695333
1.3207469601089088
1.3207491023640014
1.3207490843618217
1.3207572712295217
1.3207627052105573
1.320781193156041
1.3207944584017746
1.3207936542235166
1.3208002848356872
1.3208047641391687
1.3200040355080145
1.3207963687335063
1.32077728683253
1.3207649529115144
1.3207605533679894
1.320773480349974
1.320773370315125
1.320772831906366
1.3207690585758847
1.3199488447307517
1.319938382271598
1.3199460994575012
1.3199511667536232
1.319953447332287
1.3199487820905358
1.319940263700144
1.3199446499608256
1.3199450797425818
1.3199389831215724
1.3199192085484919
1.3199262126256603
1.3199454656157916
1.3199420334515497
1.3199390895703451
1.319942580336105
1.3199429406035998
1.3199317771932892
1.3199300114761428
1.3199209035836885
1.3199082621718614
1.3199053054561796
1.3198994067406657
1.3198934642741134
1.3198996961198415
1.3198839953960295
1.3198664439177086
1.3198661586392033
1.3198657626059858
1.3198626021765343
1.3198563598968183
1.3198664111336658
1.3198676064140071
1.3198741445019397
1.3198714940030412
1.3198752161263647
1.3198762187495567
1.3198758091994685
1.3198815496379472
1.3198788045231589
1.319882427489285
1.3198640422485566
1.3198565484780347
1.3198606178165602
1.319864969462791
1.3198656442740744
1.3198598628572684
1.3198454430227904
1.3198434919572322
1.3198470512043794
1.3198374186140394
1.31982977865547
1.3198269191585212
1.3198333411472953
1.3198339961007437
1.3198386185001654
1.3198220684772857
1.3198234302880874
1.3198098068933046
1.3198067203054824
1.320611291565218
1.3206305448636972
1.3206339234608147
1.3206319213544893
1.320627951641763
1.3206136651406375
1.3198024024374633
1.3198130697857784
1.3198054546134017
1.3198119890609858
1.3198227792490942
1.319823239351615
1.319801040256221
1.3197883419622691
1.3197769958546917
1.3197760137214654
1.3197717010726497
1.3197517217534152
1.3197605525031277
1.3197594113197357
1.3197568308791372
1.319767558393074
1.319777089419617
1.3197813590604466
1.3197786805890421
1.3197751453790054
1.3197732333598102
1.3197649405214413
1.3197650158950087
1.3197686270611528
1.3197728432749132
1.319766888615376
1.31977182033445
1.319774756393892
1.3197766994759734
1.3197815050756194
1.319780188401935
1.319774620967754
1.3197748128058047
1.3197756624476122
1.3197782493177057
1.319783567318555
1.3197852885142745
1.3197823975888237
1.3197789513650648
1.3197823257072108
1.3197739069790044
1.3197851558362954
1.3197856220517374
1.3197896753583152
1.3197981175311069
1.319788253335225
1.319795713399793
1.319799107497839
1.3197926236587447
1.3197908302196284
1.3197956206356711
1.31980695850665
1.3198056171703552
1.3198012512069985
1.3198007200870636
1.319801392716527
1.3198009952676009
1.3197986191260647
1.3198033776362137
1.3198081372095392
1.3198093325691664
1.3198083674104573
1.3198125284505275
1.3198074209494317
1.319809252442744
1.3198091777824874
1.319805507504732
1.3198154338656405
1.3198071839981411
1.3198201359910913
1.3198212544634618
1.3198246370417184
1.3198261495521535
1.3198195900524883
1.3198280189476037
1.3198443565064915
1.3198505801601896
1.3198516806794187
1.3198526681209994
1.3198490005896533
1.3198496374188773
1.3198401228274272
1.3198401736572738
1.319837431162854
1.3198328036842768
1.3198284119356527
1.319824910310225
1.3198337044578765
1.3198361873318893
1.3198453074885232
1.3198455150667863
1.3198552778910866
1.3198498078520318
1.3198473349876758
1.319855182944727
1.3198489017987
1.3198390158259035
1.3198303572062817
1.3198410052602414
1.3198476246479727
1.3198360884918017
1.3198361249348578
1.3198430989204954
1.3198537396016643
1.319850812055293
1.3198523558049875
1.319860112203068
1.3198582450295233
1.3198631019363145
1.3198590859605286
1.3198537173833806
1.319846967307689
1.3198593801633476
1.3198524716503588
1.3198573617454863
1.3198658613633099
1.3198683939427396
1.3198706986126094
1.319877003254113
1.3198838750011574
1.3198840784370465
1.3198798511659018
1.319892172685444
1.3198998643800273
1.3199013665544437
1.319898132004289
1.3198856330450168
1.3198858403170053
1.3198951750119292
1.3198778136033034
1.3198889970918757
1.3198945042637131
1.3198889532401514
1.319897328468464
1.3199013709827763
1.319906474410037
1.3199137773709226
1.319911591897999
1.3199140037004005
1.3199082944232172
1.3199086186137836
1.319921300827414
1.3199157253526872
1.3199159495002775
1.319906046027533
1.3199084750888197
1.319906343135624
1.3198972003716858
1.319895356262064
1.3198974313992065
1.3199039267630828
1.3199096489791216
1.3199084898274305
1.3199032625944533
1.3199008255342517
1.319906243193034
1.3199090567750342
1.3199046265545535
1.319909975266296
1.3199123095825198
1.3199207692937054
1.3199179863021324
1.319911736305234
1.319910788305216
1.3199037433938088
1.319913545559738
1.3199111595363904
1.3199024234022156
1.319907819938579
1.319914645956085
1.3199130527385168
1.3199058384191138
1.3199036196642497
1.3199086775776898
1.3199204599541514
1.3199184852107324
1.3199239509160063
1.3199196785603131
1.3199163229971898
1.3199134890002884
1.3198999874789668
1.3198997814175006
1.319896360720268
1.3198898086574595
1.3198898877182235
1.31989072843855
1.319882458947109
1.3198757577832385
1.3198714155244955
1.3198678570823295
1.3198714998652548
1.3198681545260358
1.319866725388645
1.3198658651739874
1.3198631628200308
1.3198624942558244
1.3198679632441517
1.3198681712883233
1.3198604939772771
1.31985199664861
1.3198627619756982
1.3198702508234745
1.319868551674742
1.3198694843800416
1.3198680835210903
1.3198715173935995
1.3198761386106603
1.3198838497335699
1.3198811146105816
1.3198869551433257
1.3198899329839568
1.3198813530315903
1.3198722790499402
1.3198601192334845
1.3198593313314537
1.3198551174067232
1.3198559495929891
1.3198617053719546
1.319862018589503
1.3198631924034112
1.319850209008695
1.3198579979493037
1.3198636313550711
1.319863598689909
1.3198591607362125
1.3198563130804044
1.319855583807396
1.3198521749922674
1.3198573232053314
1.3198578229309346
1.3198572290073263
1.3198556942786803
1.3198505563370206
1.3198557713498191
1.3198612866048067
1.3198553280584926
1.3198547751218725
1.319857339903899
1.3198542676498148
1.3198644443654703
1.3198580789794525
1.319857358941909
1.3198527828915685
1.319843788754113
1.3198386578721295
1.3198345461260832
1.3198338607534272
1.3198375890351837
1.3198400403020671
1.319829468315456
1.3198269138266974
1.3198255762868296
1.3198277938217018
1.319825930950222
1.3198261652195962
1.3198209578158373
1.3198219924747965
1.3198180241670814
1.3198059629421197
1.3198083857014398
1.319803359064852
1.3197991507492695
1.3197953855444136
1.319792062873981
1.319801492275764
1.3197958740469673
1.3197873581121826
1.3197896879935291
1.3197985327100659
1.3198033176891388
1.3198079168255155
1.3198116263086714
1.3198191609060888
1.3198250574156425
1.3198243858472212
1.319818316163325
1.3198084912833528
1.319809109888055
1.3198072453515575
1.31981196169006
1.3198202984052663
1.319820908888829
1.3198138225855336
1.3198139812521774
1.3198101303234087
1.3198175161532042
1.319815384832557
1.3198115993299484
1.3198084689916538
1.3198082016004016
1.3198085644342648
1.3198036204197987
1.3198091694024165
1.319798192527691
1.319795601814178
1.3197875379052895
1.319791752293349
1.3197912457454057
1.319787220691118
1.3197859392010325
1.3197825606104108
1.3197829384863797
1.319787503478567
1.3197952943609235
1.3197947788594042
1.3198034778050372
1.319812751457346
1.31981026582745
1.3198029093360857
