30.727914950465095
30.666848317226698
30.694218426128174
30.606134400351667
30.624695262100502
30.65136611930428
30.60543828292807
30.575536179811483
30.554954906317835
30.535806022830435
30.55979532316721
30.54838679784924
30.552937510333496
30.55783993661228
30.559663978445943
30.541791663901233
30.521767973624495
30.525444602574122
30.51901670132866
30.504667762137117
30.496085730147367
30.4985926537738
30.50520684456913
30.514220837757954
30.513913238425467
30.49637941069488
30.512376480289618
30.511842568810977
30.506627180831558
30.506473776386795
30.49290195413354
30.488113847279422
30.492426680981815
30.491902218772633
30.494309727602406
30.493255123107147
30.494027677892575
30.503868591197072
30.49719096313087
30.499064248156706
30.50074456433279
30.49727401283535
30.49981329743871
30.500720101600418
30.498765723336938
30.49781132426326
30.500165638841224
30.499494195577135
30.49553179112572
30.49725534580776
30.496159671538724
30.485739981767978
30.486221282245115
30.48281194200157
30.48108421356763
30.480857813825814
30.48736329289471
30.484744269310795
30.486067568205506
30.482860740347405
30.488082970170428
30.494670794092038
30.492044173299895
30.494515581098014
30.491052278536156
30.49334056567435
30.49064989958612
30.48937779556648
30.490501700760547
30.49325985757873
30.492626097036084
30.490711204384205
30.48974069020428
30.487773944816983
30.487742879105465
30.488672338757006
30.492586849623848
30.489987275826174
30.49284239343736
30.488891973611214
30.486563487069645
30.48911535460333
30.490865967555884
30.490929065565656
30.498541358758207
30.498464477166475
30.496567106150493
30.49759839450084
30.500723858962367
30.498833491380942
30.49143531671495
30.495001618286718
30.493723844684677
30.489719197851198
30.48867136049791
30.488683488554727
30.49008638369682
30.491046966991806
30.49190654198108
30.494544553117645
30.494502519939573
30.493763419513275
30.496825344330578
30.498674915978686
30.494488135318782
30.490369581696523
30.48982624673467
30.49121412098242
30.491895198731118
30.489903830246412
30.490463686578874
30.491432324915966
30.494081240701675
30.490704720451962
30.489368718096998
30.49069852228824
30.493007044600752
30.493854173002475
30.494970893877063
30.49532485776839
30.496344525770827
30.491870244777562
30.493318857887633
30.489395489634305
30.492124799164547
30.493917982891425
30.49855598907525
30.500250026311267
30.501438913234242
30.49839397967
30.499174716552172
30.495759820657096
30.494866820181503
30.497086458385823
30.49801095011273
30.498541076305678
30.497392957359267
30.50021555937118
30.4987807991502
30.496640443999645
30.496439466108527
30.49633889203123
30.49897898893946
30.499411356801637
30.499657121970046
30.501254669899406
30.501969157871248
30.501886655840995
30.5043417935941
30.505964657044125
30.506632131885702
30.50551042407876
30.503138101422113
30.504247510347586
30.505187884402186
30.503734472047654
30.49719456336538
30.494986881861962
30.491966796707775
30.49452461142831
30.494184107460402
30.493315124929456
30.491052053127415
30.492719325951928
30.493363924470177
30.490583944153396
30.48962427439107
30.488939059526043
30.48981763651491
30.489959470992034
30.48958832496407
30.496303482863052
30.495236770805327
30.49548017248094
30.494961103165597
30.495426672834622
30.494116146043414
30.49481392359463
30.496014805604627
30.492711409992793
30.491887491295348
30.497325958136923
30.498463696793937
30.499833334247068
30.50001284814811
30.496167360215996
30.496200559490326
30.49726069339305
30.497919319262508
30.497555916024623
30.497095952512684
30.496313719808256
30.496191816467732
30.49638029018346
30.497052597263938
30.497658522896987
30.49797430189457
30.49905938095401
30.499500873246802
30.499490712518327
30.499116014546175
30.49893034861477
30.500567323894764
30.500371147981966
30.49895134858176
30.49866366053812
30.501140420615318
30.50058408067613
30.50029382932462
30.498826011856675
30.49767423391714
30.498265301678284
30.492667575898786
30.494188186640432
30.496143342233538
30.49700329205333
30.496275322215322
30.504841200328602
30.502220677387477
30.49605991503429
30.495354916162956
30.493748074397473
30.500857954546117
30.493185374317413
30.494694359508802
30.494745097275416
30.494416460905455
30.494767188370904
30.495128018984914
30.495429342780948
30.49591386162795
30.495535065918467
30.49385371059267
30.494775858363283
30.49472580698452
30.49651593884932
30.49672012460996
30.496563038829812
30.497143162453686
30.496344555628614
30.49573370822925
30.496641768854385
30.497052642445983
30.497300012787182
30.503068911511498
30.495172702942742
30.49481333766957
30.49461461500232
30.494657655464533
30.493828580629664
30.49367192359541
30.494998000223667
30.501607412961263
30.50169632780666
30.502031463444897
30.4960308014819
30.501566598415444
30.50329399357325
30.50465282382592
30.503227727572323
30.50372628248313
30.495111262291875
30.495510149111155
30.494446899194514
30.495014758746727
30.502392314562808
30.495333214156272
30.495438164014008
30.496475913741072
30.503853127090512
30.50417931249222
30.50306939808852
30.50231474670017
30.503465892082644
30.501884764117992
30.501570351226757
30.501185239649494
30.50110776759595
30.50111307244328
30.5003112237118
30.500891877082562
30.501492292402492
30.502034590382507
30.50261499282989
30.503512460884494
30.503769498946674
30.504278899903944
30.505137738241277
30.505415785949836
30.505889800816394
30.504970437858017
30.504950743953575
30.505432960323883
30.506229318771428
30.50672420535254
30.5061899675382
30.507753952899726
30.508215015516775
30.50880774242311
30.501765189456837
30.50084582715811
30.500398087906518
30.499721407674027
30.49966970532756
30.49981692944927
30.499599360918637
30.506205644126126
30.499787340392768
30.49825056819769
30.503881046374246
30.49684762251132
30.49765136926574
30.496917276602066
30.497156878629124
30.497203886241174
30.49715502688241
30.496852407816426
30.49646081789324
30.495901748497104
30.496740724748378
30.487838740135707
30.49671901013523
30.49698732822268
30.496998517766134
30.497185917903018
30.497500901422306
30.498112609912607
30.49759218543723
30.5037370879688
30.503775910885825
30.504409510897485
30.497590325705225
30.496934053723862
30.49766861052041
30.49870441111565
30.49815182005866
30.497673746379387
30.498375349053706
30.498479834514622
30.498414141400364
30.497973616896562
30.499208951017604
30.499518257219414
30.49901306853624
30.4991194299931
30.498737855942
30.498794832340682
30.499351324413908
30.50038096766624
30.50858341721873
30.50868223643206
30.508146802026992
30.501435879522546
30.508830875510164
30.509050196197734
30.500522943678575
30.500363221536997
30.501115274634895
30.50095712981521
30.509783536450012
30.500445876782514
30.50812237745576
30.50789949331712
30.507143173620832
30.499075451274937
30.507533437747263
30.507355117772512
30.507723351680283
30.50795012845159
30.501148577363608
30.500798931142885
30.509083439893292
30.502183616937906
30.502345227481676
30.51030049989706
30.510971124309282
30.510946699721696
30.507090986188466
30.507110635754827
30.50705767382696
30.50688575796183
30.506747155882923
30.506872271109494
30.507129153152434
30.506533496223646
30.50655363113731
30.50588881895935
30.506429678149708
30.507344809030403
30.507509827029146
30.507522449275108
30.507347820496083
30.50717815296746
30.507082356149766
30.507244014638033
30.507280809109695
30.507229429115345
30.506569480273868
30.506711842845863
30.507243829986344
30.507556972936825
30.507277796807674
30.50724405240608
30.50723296829097
30.506467385136254
30.506836777771962
30.507145059816715
30.50729841474781
30.50737390459028
30.506664173608705
30.50655224217523
30.50608930124084
30.505538802005326
30.5060233804897
30.506127608956238
30.505835032678355
30.506022713866987
30.505661904654616
30.50033307849275
30.500470601690246
30.500751342601447
30.50054056848657
30.501319994941454
30.500943471977273
30.501051325786666
30.50042515903428
30.501117411888483
30.501561176565975
30.501292901849705
30.505725320425007
30.50527593518558
30.505345992090675
30.504913531271274
30.50498571956745
30.504771798138943
30.50459501953922
30.50467265061905
30.5044012809093
30.50456603425285
30.505753561223187
30.505966266458774
30.502085029652495
30.506214539900743
30.507110635143764
30.506577956590185
30.49890465047344
30.503733215405862
30.503842755753837
30.504288446829804
30.504471787403336
30.500439137332283
30.50032362764647
30.50437626125227
30.49949378392719
30.499587823068268
30.500095615651517
30.499894089084886
30.500038989592383
30.500013722473785
30.49977769025099
30.49917993435271
30.499677235978037
30.500303997024137
30.50042141487289
30.50027308846588
30.503449848307554
30.504232169267727
30.50407671994159
30.50456497474892
30.504337315542337
30.505219490922535
30.505128117934248
30.504929255547673
30.505548332497792
30.50607001235147
30.506856053561595
30.507310162664094
30.508446543175022
30.50861344371941
30.508704971232287
30.509043243021374
30.509417417545453
30.50969063591825
30.50956236029907
30.509350550147758
30.50907669874077
30.50890536591883
30.507984796932288
30.50892363970077
30.508357125198962
30.508401525107107
30.5086526197583
30.508652115361556
30.507748068731615
30.507956785163895
30.507511530705052
30.507199434118775
30.50722040275691
30.507340003296303
30.50737136675116
30.507023683500044
30.507018953509426
30.5074244293429
30.506867041204305
30.507203884875384
30.50700035997635
30.507211625106837
30.50641488033791
30.506539209961268
30.506463473398995
30.507015065678083
30.506607407690836
30.506389168902324
30.506705819081382
30.506354062040586
30.506063606363618
30.50632807627064
30.505392928234343
30.50536036999305
30.505660324159415
30.50615044359106
30.505918837980495
30.505671171028844
30.505337834833544
30.50528618988325
30.504700093111534
30.50430949243285
30.504143566641368
30.504619190138975
30.50453816064914
30.503819027585454
30.503595730290318
30.503890617923705
30.50361827976241
30.50380449980217
30.504135601522623
30.503560821064013
30.502865454100085
30.503001561356626
30.502653772532877
30.50213479184427
30.502555550485692
30.50306501047607
30.50299530299168
30.50308764253693
30.50327111360694
30.50322050947746
30.502811938545836
30.50337736889361
30.503228664677184
30.503410324580024
30.50365411484841
30.503338129660133
30.50342480464207
30.50356175594286
30.504790394918814
30.50471293218621
30.50467800119223
30.504534100438615
30.504272839606763
30.503734969710607
30.50289612976227
30.50261057055643
30.502399237037707
30.502450464987273
30.503050689584686
30.503142964758457
30.503433389428018
30.50305564693239
30.502906533228494
30.503007157098246
30.503177978534676
30.50259363144947
30.502693887188162
30.502826167955842
30.50301985783959
30.50358950444641
30.503185031174706
30.503122595728502
30.503315726889223
30.503230577562697
30.50288752988142
30.50318200507751
30.502685504021734
30.502966463141167
30.503400025142003
30.503877412194274
30.504407097906572
30.504211860480467
30.504494110794685
30.504473055810145
30.504275867346557
30.5043202745364
30.504049777827518
30.503618345662876
30.503468541248182
30.50732489869597
30.503937071134352
30.507170222624282
30.508086901754893
30.50730111377287
30.50446431030392
30.507358532572212
30.507718090760715
30.507958898978092
30.50735537822171
30.50445795896521
30.5075866255127
30.507637198781495
30.507757791592407
30.507646828523715
30.507713986169005
30.507380876631004
30.507790521437855
30.507170191599382
30.507084780670063
30.507415939298035
30.50732238479684
30.50760747045147
30.507543863030595
30.50740098782737
30.507561266343686
30.507000465273897
30.504530744531344
30.50461732674112
30.50465915718181
30.504717106101268
30.504667859088478
30.50444103901801
30.503690370923536
30.503532249763346
30.503291502083076
30.50330217137609
30.503688350369014
30.503511194721575
30.503970485366256
30.50447232742788
30.502640070682602
30.50223674565395
30.503977617611863
30.504104178932845
30.504348703032626
30.504279411239217
30.504553980137985
30.504441654701584
30.50429422966084
30.504039180869597
30.504211479246557
30.504159338582987
30.50420615777091
30.504008659259306
30.504038941257395
30.50390521211879
30.504391632016258
30.504454964751208
30.504270791056445
30.504488417745463
30.504223829788245
30.50398139818915
30.504322059313132
30.50386283667716
30.50429214883411
30.50418185070322
30.50416489446829
30.50423654822582
30.504447591095587
30.506127460614447
30.50419939338685
30.50321291739614
30.503146716287034
30.50326002523431
30.502545071066248
30.503829865535874
30.50193884936139
30.50452803758876
30.505159161129978
30.504854721798974
30.502916292294866
30.502768287934888
30.5023017875893
30.50281573623992
30.502773831632982
30.502723518269846
30.50279895349752
30.50319017269518
30.503080927081726
30.503096567546304
30.5026664438479
30.502442133410106
30.502240815636604
30.502410934158455
30.501952445511254
30.50245441425251
30.5023045556576
30.50284993161225
30.502913487352437
30.50387781908155
30.50368804462891
30.503528790660855
30.501465888784104
30.50407464422894
30.50352858145612
30.503893495035356
30.503473177862144
30.503148138611287
30.50324281843396
30.503741029604473
30.50438965707055
30.50409745706085
30.504046207482084
30.504546047159455
30.506872264164954
30.506821439650153
30.507017355058743
30.505500966582236
30.507402646249638
30.507353487906325
30.507235216562368
30.506612500805968
30.50656380426386
30.50652488287826
30.507086778821574
30.506493520259955
30.50652729735888
30.506745710321464
30.506756966294493
30.506792522431503
30.506355724424463
30.506299670620706
30.50658916516772
30.50638412734365
30.50673654272653
30.50707869165421
30.506828574915325
30.50671710255453
30.506855717696478
30.506903339242847
30.507144518088456
30.507225762682467
30.507701922551526
30.507644806533104
30.507491922565976
30.507914709099115
30.508070747653953
30.50811651238529
30.507742235952836
30.507443606141255
30.507489721728767
30.50764154294487
30.507350021251362
30.507248610240175
30.50715605221916
30.506839864797964
30.50712197629773
30.507115658044295
30.507143021641426
30.507016584973893
30.506892759847815
30.506906521017775
30.506501919090464
30.506592016247037
30.506303160119494
30.506638330707705
30.506914033227012
30.507045724504902
30.507462075390823
30.507333715692546
30.5072550545273
30.507269006642005
30.506806112753313
30.50685115793302
30.506932091004966
30.507565032846514
30.50792258551449
30.508465106882515
30.508656583917926
30.508363281915216
30.508379417089046
30.5083870634277
30.508062125815336
30.508257096369938
30.50871209856541
30.509376301145274
30.508928897318714
30.50877651431766
30.508496647441422
30.508614611334394
30.508843913513683
30.50854356907348
30.508682754739485
30.50855010399755
30.508659121183847
30.508661758263507
30.5084836346957
30.50876382768021
30.508843449304667
30.508776579838816
30.508971030939538
30.508959441785976
30.509343323630425
30.5092688374937
30.509328141098866
30.509168214353068
30.508896077213446
30.50874518365208
30.508658500943582
30.508606034124778
30.508271776344195
30.508405346026084
30.50813832749108
30.508268158766075
30.50814733622364
30.507802905124286
30.5080944090012
30.507765338591533
30.507721162084042
30.50851722985045
30.50826018946676
30.508280883144423
30.50864036532519
30.508585371719807
30.508684321361834
30.50904632209419
30.509396572060883
30.50929623081465
30.50924615586386
30.508906350375952
30.508921894035225
30.50891287521266
30.508875996949033
30.508924106326216
30.509210994224564
30.50929686380988
30.50983434705095
30.50985822542061
30.509580030169694
30.5094808450816
30.50910370656193
30.50878334623003
30.508759484614867
30.508858909409714
30.5087704225761
30.509218873440474
30.50928082126882
30.50965179225391
30.509432075549206
30.509866788597584
30.50995897451783
30.510041205742834
30.509940894534992
30.50976454092082
30.509726763795374
30.51003051941545
30.51058689030027
30.51000417140413
30.51028844557302
30.51037078563306
30.510498130856664
30.510377057390333
30.510296144651047
30.510464991479576
30.510657949512918
30.510843256583065
30.51074059361824
30.51106772437381
30.511100641098835
30.511353366929566
30.51163805898389
30.511562840675264
30.511549233815895
30.51187687538608
30.511789380365737
30.511639515222203
30.511542383613566
30.511051454334257
30.51091361786748
30.510546414483652
30.510569265381264
30.510452268149646
30.510262956701446
30.510461923855967
30.5103675343929
30.510485751048314
30.510393932141945
30.51057671269076
30.510431433113133
30.510505322863224
30.510353659901728
30.510654497818223
30.510507867763017
30.510541423703124
30.510527116976807
30.510632317127136
30.51042960832489
30.51033505722399
30.510572274569736
30.51056115701308
30.51060450802717
30.51040452722578
30.50970518506519
30.509587017400417
30.509678065562138
30.510013825774806
30.510100070304492
30.510667014548815
30.510016937321524
30.510523580077557
30.51080341933947
30.510992166605877
30.511102386606137
30.51099082284139
30.511009531908222
30.511121926977363
30.511285807659075
30.511220460765383
30.51148528662931
30.51162927858099
30.511564319418696
30.511355586183154
30.511495803284966
30.511549731566983
30.511628708890814
30.51165313596543
30.51154421188421
30.511863467192224
30.511901612751767
30.51219067320109
30.51188889508762
30.51184730250872
30.512113346651866
30.512306845811953
30.512400250990055
30.51220120050362
30.512125916596002
30.511805166346882
30.511978101772268
30.51222603422351
30.51232509227224
30.512175788619295
30.51195596179995
30.511478234467432
30.51193086443621
30.51174627584826
30.51161531993919
30.51176040227
30.51182024748981
30.51194588500989
30.5117855940082
30.511861284600577
30.511576080600882
30.51167860377331
30.51165546218372
30.511377819980122
30.51136699078299
30.511911073377785
30.511907837363793
30.512022138697912
30.512262104531597
30.51193689874416
30.5118310361336
30.51177286272675
30.51192307973041
30.512337873208978
30.51233055048794
30.512024493939418
30.512057203455246
30.512236563041746
30.512431725510908
30.51248930540331
30.512538440992945
30.513015736177778
30.512740610343155
30.512372118221503
30.512381133137126
30.51232422506511
30.51222281285513
30.512032083900248
30.512108261554
30.512309099423508
30.512289948061596
30.51223618801828
30.51220241942899
30.512242996600612
30.51187814383862
30.511874813697215
30.511963419862308
30.511477181972317
30.511482129281816
30.511454890406206
30.511509941721147
30.511664259477133
30.511910852230056
30.512070355950936
30.511937702635066
30.511743878845753
30.51175236782548
30.511924862059974
30.511965778477443
30.5119672386228
30.511620934969436
