5.620368572956052
5.613674953522676
5.599163266800933
5.5997948849842105
5.599450723438658
5.592241821143708
5.608358109206956
5.613346846405391
5.613436167698558
5.611156222750807
5.595699654961704
5.596758169984915
5.592878167123125
5.589178235966311
5.583811319458482
5.578140532341911
5.578937431491073
5.575893918248994
5.573492864526005
5.568897272295663
5.569504952576769
5.566353335827882
5.567219980184639
5.569522130791429
5.573103433373638
5.573360936533939
5.572666321083495
5.572237383001918
5.57089320474126
5.570226203906907
5.575539989674875
5.573283408250741
5.576037181932613
5.575260317024868
5.57380432691606
5.574882718775253
5.576300523043778
5.576849886410773
5.579234653160676
5.579429840820931
5.579055676584057
5.581287258934789
5.579804674377327
5.580443954250392
5.580205275004965
5.577707299106484
5.5789465909672495
5.578966108628359
5.5789123973436565
5.57937947225327
5.577905058241117
5.5786126888551335
5.5765396230856235
5.577541786489509
5.577454519149283
5.576585914145614
5.5790667623347545
5.577857188548284
5.578145184255039
5.57680984068344
5.578296986980264
5.573959718581227
5.576885937255748
5.576648772356777
5.573394110431515
5.5744548174817705
5.574405239966041
5.573825636851758
5.573328256097443
5.573001879219351
5.5736475548363265
5.573365233610733
5.573321946633477
5.571399115317948
5.571920184476221
5.571620808770034
5.571840979152697
5.571011302915531
5.570958026970617
5.572551383848114
5.570507890223724
5.571621096478511
5.57036457272309
5.570375987174575
5.571189157204278
5.572500235585015
5.571032443872782
5.571193038754611
5.5714115886450974
5.571273348236901
5.570378857297252
5.571180096418278
5.570931758977771
5.568577068353129
5.5693191852001815
5.569053254585704
5.569802349439808
5.569566853075218
5.570416587780687
5.569810942551329
5.569061481831052
5.568843408725436
5.569694319490838
5.570136627408555
5.569422088744637
5.568200162546927
5.5684533087543295
5.567766142492763
5.568971279257636
5.569077964545016
5.566990227481624
5.568092022517875
5.56811515352792
5.567374475064168
5.56695466930714
5.5666370455288865
5.5672825452791725
5.56734032696103
5.567392916923251
5.566903552355915
5.566892076193866
5.567593944194057
5.567614733878183
5.567268866912853
5.5656004667532954
5.566391579910713
5.564768030917292
5.566210371438488
5.565655728037568
5.564456093818112
5.565256981969033
5.564801300704309
5.56506429075316
5.564690372380396
5.564828623600897
5.566603144317066
5.565536100038938
5.565750607275996
5.565060356479079
5.565176648187286
5.5644627238077415
5.564049129133153
5.565259916176631
5.564890937975124
5.564562175759228
5.563766687995967
5.56427143776542
5.563880827526606
5.562612921861963
5.561999513425953
5.561209607650813
5.561124719846769
5.560367512421778
5.561361635218239
5.56164139948534
5.562073855215405
5.561805997394794
5.561752445382076
5.561391025714278
5.561122004899995
5.56096037451124
5.561766323561642
5.562154331628059
5.561670233904156
5.5622747900611325
5.561012796907731
5.560865740486033
5.562825597884859
5.562363534026064
5.562496362045474
5.562673643173999
5.5634879101858665
5.563351776457737
5.563320005969473
5.563148176441988
5.562571159218771
5.561740979436719
5.5619167562971015
5.5615418537288805
5.561183849927062
5.561221248285602
5.561319891930371
5.560630469890097
5.560415165913326
5.5612419409637734
5.561104413791316
5.561019203305568
5.561385602507559
5.5611282285494035
5.5616036021774065
5.560953696637004
5.56070137544316
5.5603333982945236
5.5604648102771765
5.560509882240182
5.5609618852152405
5.5608627124021535
5.561068537809317
5.561178519710708
5.56122480359992
5.561189743024609
5.5607490754989835
5.560989595836294
5.561132938053474
5.561549848871244
5.561845413504765
5.562086702291952
5.5619590608732725
5.5618160708997335
5.560612807760708
5.560565991391318
5.560961834016355
5.56035561421504
5.559994700332641
5.560129881569505
5.560222501433795
5.5604751847326845
5.5602545315083605
5.559959296623424
5.559693476815399
5.559854958182881
5.559588922418116
5.559643418066585
5.559983044864353
5.55963360349227
5.55918777165566
5.559269216126812
5.559150930379229
5.55874674683084
5.5593355349276194
5.559512854819311
5.559828022333512
5.559906644843729
5.5595867332351485
5.55953511771404
5.5595301804019615
5.559381777168519
5.559793048234815
5.561209184175901
5.561328070913963
5.5599401000414375
5.560190966292017
5.562212339241934
5.560616486411006
5.560914712859819
5.559711164815784
5.560469932689873
5.560307826557783
5.559723115808195
5.560026576760227
5.5599283151866326
5.560068755972432
5.5607426768611345
5.560774564485216
5.5610098787802436
5.561062193125152
5.561168321621424
5.560826922661963
5.560801083073432
5.560865201287408
5.560545362194166
5.560577550709
5.560175362179874
5.560345645678376
5.5603211380079385
5.560320307969184
5.5603400301926555
5.56041816628536
5.56057307718187
5.5602401827949635
5.559832980783618
5.559493073563065
5.559520115626134
5.559546211968936
5.559564065473213
5.559850300954788
5.5598058859851225
5.559938327807269
5.560202065202174
5.560536686283175
5.560573614980879
5.560076090388603
5.560008450901545
5.5600937522732075
5.559843818940236
5.559804824625565
5.559881435307363
5.559647375625741
5.559572885291916
5.559610581726253
5.560006254091926
5.56010447930996
5.56012852789034
5.560433258145273
5.560341227621951
5.560673256205725
5.560529683089986
5.560706601284148
5.560471256693996
5.560365051353985
5.560181315591894
5.560454267316178
5.56058800260353
5.560424980454931
5.560422297637882
5.5603765418014115
5.56086898123743
5.560869335400788
5.561108891553316
5.561751407221193
5.562184686458807
5.562299330599725
5.562363713753426
5.562551591398766
5.562561352433516
5.563105215171809
5.563088968126588
5.562823890789551
5.562753762838027
5.562907843224901
5.562871132346946
5.563008596472887
5.563195020325003
5.563427189445348
5.563708426644632
5.563616808286311
5.5638715374851015
5.5640751691839405
5.563775822684744
5.563577450972671
5.563532924339147
5.563710436706702
5.563710795469352
5.563599851350766
5.563553918989876
5.563385728260505
5.563606666479107
5.563891943719684
5.563857917336199
5.564087156437858
5.5643459965434285
5.563686676605472
5.563957948898821
5.563880681309373
5.563865998875844
5.563867565236651
5.563941217470714
5.563702475486141
5.563706309510557
5.563601395715673
5.563384616092449
5.563506371238176
5.5634437442872375
5.563289714986121
5.5629063058539465
5.563670568373255
5.5633159684659335
5.563735104935709
5.563484289597507
5.563659231517608
5.563778920450512
5.563768608322329
5.563743369347208
5.563613934461803
5.563960586030932
5.563743546580832
5.563490135940768
5.5634763748311515
5.5632093593757626
5.563223362458567
5.563075648915707
5.5629616836510785
5.563179604529835
5.563366843214442
5.563502693133066
5.563737894834743
5.563974579836356
5.563973930980014
5.56380194910677
5.563696377838238
5.563164093655563
5.562958725965536
5.56302703198639
5.562576334252618
5.562721556722313
5.56262180940304
5.562701787027957
5.562629698076389
5.562736277060961
5.562791860505624
5.563018229457132
5.563044857530084
5.5632915020132385
5.563280104593899
5.563203808752164
5.563145685289083
5.563155381103874
5.563254377836276
5.562986259997975
5.563002950792392
5.563094254736878
5.562915473831811
5.562990055358865
5.5625323773325315
5.56270585177807
5.562847836328045
5.562770995322762
5.562793574609031
5.562918697475972
5.563082881662907
5.562637229285836
5.562783973667594
5.562464253400609
5.562378522747377
5.56242554507992
5.562364648138998
5.562523034884559
5.562452347873513
5.562308164226861
5.562133103066498
5.561870787958388
5.561881641627335
5.562028070237119
5.561769708574236
5.561747763532219
5.561513482802254
5.561544273464184
5.561620140308005
5.561454994409681
5.561469531331645
5.561622222097266
5.561585901638842
5.561561435060784
5.561395968899122
5.561433016573269
5.561740118187728
5.561631585925148
5.561791505417875
5.5616294111081865
5.561798297432237
5.5618540362583095
5.562041402984105
5.562026335861003
5.561786158801735
5.5618280426091715
5.561668093817594
5.561865728132609
5.5617250744960325
5.561721154268004
5.561694137040882
5.561717311297666
5.561394896594643
5.561445278142981
5.561633221581953
5.561773427032599
5.561520634519653
5.561312834253002
5.561502721100309
5.561577836388762
5.561775188892531
5.561696260731678
5.561760220004157
5.561794529369154
5.56183166037303
5.56161948040668
5.561639075318702
5.561583753060314
5.561496288183926
5.56146273067235
5.561542997076667
5.56138127364826
5.561401278966245
5.561295281725557
5.561256470850757
5.561163473738765
5.56134540278506
5.561527433425532
5.561532251545935
5.561472041650611
5.5613724945161245
5.561551139826117
5.561374355724476
5.5613854251861845
5.5614144086688855
5.561532199943042
5.561337972778631
5.561251711025866
5.561426372088094
5.561370574408912
5.5614562301663035
5.561668235181144
5.561664988032641
5.561822892608369
5.561826299421604
5.5619470458449065
5.561739868621182
5.561613956191336
5.561797220976156
5.561595383358369
5.561630880254327
5.56139010030216
5.5614321357796275
5.561287941295988
5.561096047880548
5.561185799545615
5.5615294950127705
5.561366186798337
5.561488335450715
5.561524933261532
5.561746914923174
5.561661396657029
5.561449907701146
5.561495512551805
5.561365926511051
5.561672069680088
5.561782141288361
5.561736242974672
5.561927185964349
5.562060755264398
5.561898597880213
5.562168888078922
5.5622190773091145
5.562263217691816
5.562192259190435
5.562118058525865
5.562169313256047
5.5621658423281115
5.561970657658189
5.561926068194573
5.5618224081897765
5.561717980659773
5.561715439848147
5.561624754160484
5.5617531995912515
5.561730465898183
5.561723313832633
5.5618475252661455
5.561865185410598
5.561690384610781
5.561697404620189
5.5617144458543795
5.5618303947057965
5.561730993678006
5.561952662478863
5.56210694110217
5.562322313551939
5.562238387605116
5.561965103673512
5.562131627482525
5.562423172515968
5.5624094765087575
5.5625375758689914
5.562567780151571
5.5627223295930035
5.562744909129502
5.562807308567647
5.562652556167363
5.562689191741911
5.562657723977571
5.56280905278817
5.562755724985712
5.562869291082553
5.563013155112152
5.562910826110011
5.5628686380027155
5.562902948658756
5.5631819961288524
5.563377363634083
5.563378157226614
5.563313694026885
5.563362051351782
5.563333678016375
5.563354999760078
5.563336617695844
5.563428927684361
5.563574086116222
5.563462426647046
5.563444140889078
5.563417804626463
5.563352882724623
5.563391536182535
5.563393891733417
5.563438393914682
5.563594522070699
5.563771978754395
5.563903557069855
5.563910075210874
5.563741245181353
5.5637565289026885
5.563968420784954
5.563651892918476
5.56373858859334
5.563797239542867
5.563794772468598
5.563836447299079
5.563786430301989
5.563770208487427
5.563801334869084
5.563810715197162
5.563763927113052
5.563784727753493
5.5637686637888955
5.565684541644792
5.565795810585123
5.5655319033637545
5.5654836917894634
5.56546575659823
5.565363996896076
5.565279872058071
5.563286397445137
5.565037111375641
5.564958612706202
5.563111944905136
5.563021208688673
5.562966258309914
5.563017056147361
5.5629491811897696
5.562912853378035
5.562773002847696
5.562793499503182
5.562634257504116
5.5625532223644445
5.562489219202835
5.5623166000363184
5.562296516309098
5.562199398879905
5.562102276176746
5.562176266900061
5.562087005309086
5.562133668037488
5.562178581148629
5.562036244264886
5.562038867017146
5.561824489471045
5.561777893695758
5.561666338303339
5.561744210238734
5.561739119919356
5.56177223996316
5.561780700640759
5.56171618863614
5.561735279353036
5.561680383476228
5.561507302488932
5.561549286459699
5.561498126406077
5.561545484668987
5.561407127094968
5.561419755924408
5.561336185242257
5.561192398240523
5.5611821623350135
5.561150043795594
5.561159130105602
5.561096607115931
5.561075167881172
5.561014217248046
5.561235632503907
5.561131813254546
5.561230023574319
5.561326809318476
5.561435017168108
5.561370970964714
5.561377950577681
5.561328527908138
5.561254389893529
5.561267888475471
5.561279542986493
5.561251614093538
5.561197250624909
5.561089231579855
5.561030915925731
5.561075244849268
5.561135560135201
5.56118483582702
5.56120777524576
5.561236700225659
5.561143695501814
5.561161447784288
5.561411151405705
5.561491579866167
5.56135527427502
5.561475514030068
5.561462186041384
5.5613113246793535
5.561176595536222
5.561211139082037
5.561317687027778
5.5612023177053835
5.561254373608703
5.5613426393157885
5.561347727632261
5.5612489079761325
5.560988132963788
5.560993323223896
5.560926990157159
5.5609538159270695
5.561084405077184
5.561013385740674
5.5611146931382835
5.561065182084561
5.561022138613709
5.561058164859992
5.561128041086975
5.561132351864131
5.561299065799778
5.561204178778011
5.56121086432933
5.561230696103001
5.561269914550928
5.5614045876413165
5.561480876522385
5.5614604635369975
5.561453003667048
5.561484236716417
5.561503892978038
5.561640016101892
5.561766152210945
5.56176430933584
5.561819255641008
5.561742026465042
5.561867984324979
5.561813585316504
5.561750875762169
5.561720041787704
5.5617305738172975
5.5615598665957835
5.561519531698112
5.561425562747786
5.561434343880315
5.561481179619806
5.561452839966788
5.561430158949747
5.561406089188606
5.561316908467867
5.561261694862542
5.561137325217991
5.561122879738557
5.561094390632315
5.56126801811898
5.5613329979893615
5.561318072589246
5.561331975695079
5.561319843801806
5.561376690334503
5.5613535352777435
5.561279711646298
5.561258619603553
5.561164576848713
5.5612742312944485
5.5611688873057945
5.561072863838406
5.561052291726619
5.560989050837417
5.560818153935241
5.560746943446096
5.560593127452863
5.560612069742311
5.5606067666621195
5.560394489081779
5.560432541881077
5.560473735033565
5.560395262303932
5.56035436805163
5.560192386412017
5.560161323208049
5.560186170180088
5.560191698769675
5.560235727294794
5.560354196750861
5.560323231286873
5.560289980486947
5.560266339976484
5.560296302447973
5.560259295271571
5.560078357935625
5.559982951433451
5.559916654827796
5.559987181579053
5.560050085936793
5.560142823236917
5.560008206171182
5.559847352504146
5.559794427122578
5.55966844545705
5.559603189662251
5.55959875830841
5.559576579035705
5.559563788142326
5.559434061722366
5.559364567730404
5.559533206544586
5.5595662707647735
5.559567364541117
5.559550757330737
5.559645078682098
5.5597872056149065
5.559830705126105
5.559797110987566
5.559786369347383
5.559599699986
5.5596206759944256
5.559641945430474
5.559707725960748
5.559782790490746
5.559770275128677
5.559668165384563
5.5597445024108305
5.559740129460905
5.5596042470599345
5.559645338692014
5.559640026293154
5.5596971970791955
5.559666727429203
5.559667477873049
5.559656876015891
5.559655559299661
5.559725133852401
5.559584026994292
5.5595223124402295
5.559531555328364
5.55947614662258
5.55949728153323
5.55944263723381
5.559438379811352
5.559408248066492
5.559410767830789
5.559442384664952
5.5593413151903235
5.559294011413168
5.559111859677575
5.559109219800347
5.559140769542901
5.5592373580219325
5.5593536675542214
5.559423790625675
5.559374270180034
5.559326984837551
5.559366222331301
5.5593569623613615
5.559428789179139
5.559453970580819
5.559250672614016
5.559210529924807
5.55917444070616
5.559162059828957
5.55912061782573
5.55914159094394
5.559225808053666
5.559289019630401
5.559272288496438
5.559191333470437
5.5591700776813635
5.559264332257985
5.5591241973708945
5.559176544962386
5.5591937234244035
5.559330031319143
5.559362446960129
5.559507767893173
5.559593604094856
5.559551007104204
5.559549530607932
5.559601090909913
5.559437233883678
5.559410935996383
5.559333546527581
5.559348699372613
5.559344223802712
5.559378798604102
5.559360216446734
5.55932690254694
5.559334199180995
5.559372880701777
5.559370955524855
5.559441801396361
5.5593515476469255
5.559384327894421
5.559433779090099
5.559366276208038
5.5593817044354
5.559369181362343
5.559424011928583
5.559521144248914
5.559439942408836
5.5595094173872805
5.559607361082604
5.559636308794266
5.559590993495833
5.559618135060598
5.5596569659782595
5.559644747280049
5.559758845391098
5.559795470712911
5.559783846962479
5.5598448802472475
5.559919560109181
5.559875386151271
5.559830670454259
5.559855837872738
5.559898608312729
5.559945459385688
5.560127244268579
5.560127040962835
5.560127607848033
5.560040660924855
5.560098991692716
5.560159427166478
5.560085722036307
5.5601174995983484
5.5600480518254765
5.560027580918936
5.5599952533201
5.560013005037738
5.560119950561403
5.560182405578185
5.560127692484171
5.559996576655739
5.560032202913092
5.560034881098779
5.560106873566225
5.5600872770379155
5.5600273100953785
5.56016451429169
5.560210690655068
5.560118465870912
5.560157179311762
5.560316850807985
5.560367043716242
5.560391686822413
5.56043868864184
5.56037257498465
5.560434477535623
5.56039820547722
5.560468479958063
5.560518570482493
5.5605174472238454
5.560570855758093
5.560577286182258
5.560583373658854
5.560479878797611
5.560511047898928
5.560545091025528
5.5606276653409505
5.560690161655667
5.560712331735667
5.5606920318256865
5.560770929959582
5.560722173230278
5.560783262871539
5.560748840118285
5.560881267434368
5.56091236919613
5.560865909505244
5.5609298323340575
5.561002876568329
5.561043982047828
5.561027774254193
5.560883605931164
5.560857443845272
5.5607413709624485
5.560654031836122
5.560549301873909
5.560632911986309
5.56048853979823
5.560522148456658
5.560528599117399
5.560513664169606
5.560533068810914
5.560526635075656
5.560508829915126
5.5604534281189695
5.560496859824596
5.5604912586206465
5.56051395723967
5.560599766042901
5.560607341195663
5.560616891489736
5.56066061968622
5.5606942758118025
5.560652852406788
5.560735266021172
5.5608222115418
5.560829325107009
5.5609004026428765
5.560932800697447
5.56103275697336
5.560939309188789
5.561011838451064
5.560855926068418
5.560775092844817
5.560743378551703
5.560707478322073
5.5608198416475005
5.560745180629741
5.560689835368521
5.5607545178664886
5.560739280550199
5.560674567959814
5.560650503766156
