92.61508667468617
86.86228238067847
83.55007817119765
83.70372315071819
83.43178520633847
83.4870340010161
83.24862532089988
83.03619298068807
82.54604382216935
82.10580253807039
82.27425314206383
82.12276265226068
82.08284716874331
81.79839027884805
81.67586915973808
81.51335871219818
81.19253955839731
81.0783396733935
81.24189967049901
81.08038899391863
81.24084281896013
81.37698938585424
81.20945316009934
81.25195736982293
81.01428258639699
80.92919942429809
80.8318391645202
80.89983616350509
80.99556614227663
80.87975434403474
81.01324707949229
80.94360291091752
80.97652656632287
80.9944605401287
81.06292025356555
81.04588096412023
80.99607292265858
81.11021783935865
81.00138929928136
80.96865806110206
81.02144469758156
80.86004710293469
80.7787715246461
80.58590115280607
80.82434201258215
80.87968031994649
80.90219184202337
80.92036692068949
80.92398172873183
80.86266938214641
80.64619047575886
80.85033166069499
80.88067836251135
80.8847163628596
80.90891608786653
80.90005231293311
80.89590445360044
80.6572601307219
80.70526783667445
80.91441832461234
80.90716199496472
80.90811423245192
80.77242674240973
81.03732011517693
81.02606222898116
81.0470954250035
81.01021643612671
81.00315310070546
80.9854095088084
80.90472570775849
80.76790004421808
80.77324801504918
80.75663078895248
80.91473611553535
80.94183578747507
80.85823088451544
80.86436957005455
80.85086239355422
80.79021878100897
80.72836362242754
80.73425380311774
80.7444955175487
80.74859398936675
80.74758888288547
80.7677189073891
80.77407536910886
80.74773121931449
80.7379595459932
80.70814532693187
80.684588017914
80.54889086841888
80.54710002093302
80.54732684695726
80.57229179374406
80.5510588927966
80.56639971383855
80.59175334325255
80.58173458027245
80.62445653654
80.62790458098915
80.59661524027464
80.57511715199107
80.58347595871079
80.58364411773393
80.5563417549184
80.56424349803657
80.54786469023479
80.53246096292229
80.51828470814094
80.52574101009212
80.51177048496265
80.51947545316334
80.5118281424946
80.53887874393115
80.54161418899211
80.69915401488593
80.6990047108105
80.688306111627
80.68165936199702
80.69775783886767
80.56144272534208
80.54777022117607
80.55417772553918
80.63437282751127
80.51166224376186
80.50621241843002
80.47801136339883
80.50049958949249
80.51625239954743
80.51388179840662
80.53234045221218
80.5332662113803
80.54545991955098
80.55000311213884
80.54603768438632
80.54579409480212
80.53257153297452
80.52615766498201
80.50442167313042
80.49943672889984
80.50583586781603
80.51371445342932
80.49175268517259
80.48085368535129
80.45917331655167
80.46180520813768
80.49245048829093
80.50627213062053
80.50635783912426
80.50083818133012
80.51270440507837
80.48921506063543
80.50766539920353
80.51651332014275
80.51417150141654
80.50502936731154
80.51353346372211
80.47391195310044
80.46690307082976
80.47202045621124
80.47317163858634
80.47244332620424
80.46987376526435
80.46596045058781
80.46838019242065
80.47008999355901
80.48617015323923
80.49952861895852
80.52231038910986
80.51218103148015
80.5001197918523
80.48768340666778
80.49002700225532
80.45428742567523
80.45678870831739
80.48642280462903
80.51955157267639
80.54085954668425
80.49839209563541
80.5116127955422
80.48477575209549
80.52778685510143
80.4836619400954
80.46946359291502
80.50676665786581
80.51414732801547
80.50487148996505
80.47751660424241
80.51703583061659
80.50460664492847
80.50575159914709
80.49439032535734
80.50240696015616
80.49580207622346
80.48694860649239
80.49126504994749
80.49488482251103
80.500185594314
80.49652934792805
80.49530864251841
80.47872436857654
80.46974729980742
80.48021656128807
80.5027674269582
80.47999072343602
80.51076557637595
80.50222230044854
80.4995580894797
80.49606318579083
80.45098141670829
80.47473979838327
80.47328090528073
80.47269417636547
80.4857853721233
80.49327445729175
80.48630291495064
80.48887418814492
80.4852395847883
80.49018143130428
80.4842371793124
80.49225672181834
80.47601581510378
80.48598544061274
80.47627438614838
80.4769393767988
80.47325701278075
80.4602747583146
80.45107839898641
80.45940228868749
80.44794615618913
80.4577123487467
80.45526498870905
80.4399255683533
80.45390673319048
80.4105576532133
80.40354920387041
80.40371671963055
80.40859195723512
80.40978999470806
80.38889624780528
80.39548147619224
80.38984745324103
80.42105960484764
80.40999019772444
80.41114823499281
80.4093558419654
80.41491374349275
80.42660556729611
80.43589422581957
80.43166654107934
80.43604719569034
80.43887614625959
80.44115284348328
80.43940954904271
80.44123287628061
80.43493794728732
80.44014320303691
80.45024043612663
80.44589144597461
80.4507858340646
80.45497571267944
80.4544384901254
80.45814394826384
80.46622280132593
80.46656633311598
80.45768690603148
80.4604965837226
80.46811950673504
80.45771895296095
80.46126862518953
80.4541160403345
80.44139951110088
80.46240099612092
80.46204295508969
80.44508289667523
80.4442389273093
80.4657565713602
80.46255454427492
80.4595576764429
80.46529513611947
80.46075267412293
80.45542214524062
80.47192536788276
80.46788907502173
80.48062692767267
80.48074838759122
80.48790921116858
80.48841786757097
80.48777065607213
80.48536757050579
80.4858391530414
80.4834274540444
80.48686427607988
80.48720100621811
80.48721931916775
80.48691840697383
80.4931930201384
80.47744231885063
80.4689527260313
80.45312930748024
80.44633468898195
80.43622972750218
80.44705776044574
80.44961739307851
80.4478856552357
80.45685053996552
80.45451025116822
80.45679238779874
80.45974770679639
80.46457334215619
80.46780222582181
80.46625101254307
80.4707679192206
80.47068934441153
80.47276483751351
80.4681893559777
80.49088620013065
80.48767174680519
80.48743465422453
80.4896034859743
80.4925914211141
80.50359432307842
80.50178348983611
80.49903974862116
80.50293722918111
80.50007553978183
80.50205213832861
80.50349935830369
80.50016028673649
80.50301421931776
80.50822503526385
80.50959623965491
80.5004438411593
80.4956072658596
80.50422470290407
80.50207398257439
80.4957451581128
80.48681781222506
80.48520775665192
80.48348082061638
80.48480831808627
80.49230403258053
80.4867942370088
80.49008190657138
80.47797353112661
80.47333054897678
80.46689574758572
80.46977047798978
80.4676185145223
80.46244267850248
80.45785916030829
80.46200798729781
80.45929148836545
80.45111486846959
80.44916845097619
80.45117258595242
80.4490582928297
80.45270114179061
80.45123171098236
80.45339180487672
80.44371585440996
80.44226852059026
80.43763935164957
80.42983757566913
80.43191269182408
80.43652007479109
80.43819676101052
80.4333099152337
80.43281670059085
80.426812134529
80.42466957108942
80.42662111071994
80.42479060656797
80.42365932856372
80.42449603021059
80.42628647536338
80.42691646539241
80.43167567714215
80.43035498447409
80.43174766192328
80.42959785995868
80.42528008276551
80.42617596773026
80.42066024130736
80.42491298715319
80.42620326066168
80.43101655571351
80.43194165237905
80.4309520717829
80.43538364796865
80.43478102934858
80.44468529850826
80.44754664562129
80.44174364253591
80.44465327966017
80.4517661569469
80.44403877135494
80.4463906455362
80.44292847581008
80.44165099058549
80.43199478383418
80.42567129831917
80.42757075876148
80.42235289372631
80.42136947556902
80.41717915713625
80.40904846893415
80.40534250280109
80.40557793278924
80.397211689192
80.39549979854907
80.38959841491939
80.38850952643088
80.38428837319529
80.38719709449644
80.3824427932033
80.38169983659861
80.38662079213469
80.38476564760346
80.38709646358677
80.38727411325769
80.38254225215273
80.38007996626206
80.38667183669382
80.38711177263919
80.39497668906587
80.39886416067627
80.39680069705287
80.40077575825866
80.40020614574838
80.40367688786895
80.4033664082808
80.4033223372242
80.40421108950338
80.4011530356777
80.4080956649073
80.41272693318021
80.40746289829679
80.41018426010872
80.41178676085217
80.41088055033605
80.41015811647496
80.40791149980993
80.40824611544811
80.41690472013808
80.41787335214394
80.42129625089241
80.42030386290837
80.42435274823836
80.42263980291506
80.42306500812802
80.42687256777268
80.42922514170569
80.42198761104633
80.42537068823778
80.4303579497627
80.43257494158568
80.43560919867593
80.43765079859159
80.43699639436487
80.4337533376825
80.43738785134526
80.43706612631557
80.43464639621043
80.43623129899292
80.43238332926896
80.43709167874631
80.43137700082637
80.43079032422305
80.4309152043772
80.43810841151003
80.4388976000804
80.43868064929278
80.4376403772506
80.4376545197919
80.43972970848583
80.44032221742297
80.44220058404433
80.44393474690885
80.44492337745534
80.44494507154666
80.44292062469643
80.44687517133059
80.44613600966333
80.4435650745455
80.44470884433375
80.44731162532914
80.44678303749636
80.45102738226267
80.45671210387006
80.45500605673672
80.45407380863556
80.45648083560663
80.45506051307807
80.45490061232867
80.45699413042408
80.46006048654814
80.45775238299004
80.4557331135447
80.46208965355905
80.46103153639567
80.45852473736753
80.45625430149255
80.45708952200845
80.46468172642713
80.46750501421512
80.47131243140915
80.47730390842757
80.47644764629464
80.47520825388955
80.47749599063329
80.47653829346096
80.48176295370196
80.47634389526034
80.47484230713977
80.47658275655996
80.47605445721973
80.47527084634599
80.47583280890483
80.47748994640062
80.47018016000932
80.46800694610342
80.46597942023334
80.47112644789132
80.46878763167133
80.46840566377969
80.46961098756923
80.47052146519603
80.49828635745462
80.4663125681743
80.46573521989653
80.46508293638821
80.46328055764553
80.46730736873985
80.47091293307466
80.46732745117356
80.46823236886024
80.47236165493808
80.50011135521335
80.49928591341515
80.50902559458848
80.51040448817072
80.45795830802909
80.46541306746823
80.45562933446197
80.45813199293411
80.46953085364429
80.4784552317099
80.51457654679301
80.51723014173604
80.52063589286469
80.48116921864798
80.51936697831079
80.51414729005329
80.51264729350306
80.51194948553605
80.50933936268136
80.5082589197124
80.5099205799572
80.49803021107739
80.49856636049434
80.51408790604738
80.5153861159018
80.51597148818495
80.49633190848985
80.49855098173656
80.49764311283093
80.49695441322503
80.50620257457146
80.50819645289555
80.49937216498695
80.50081308459863
80.49951281028268
80.5002656552562
80.50141902874957
80.49945332687331
80.5027498812979
80.50485282026395
80.51128661788518
80.51498108816372
80.51439536910759
80.51715595485696
80.51969254789354
80.51715425656806
80.52138306464367
80.51814070015578
80.51505351529839
80.51636032282161
80.5159000913583
80.51402408003165
80.5139766881021
80.51527529273652
80.517649424064
80.51615304464444
80.51487812908589
80.51281376379761
80.51088853576114
80.50622756395998
80.5087467489141
80.5108567594451
80.50606788932032
80.50451995176608
80.5030791343059
80.49864962763914
80.49578235410138
80.497151541863
80.50005680823433
80.50196488285316
80.50082559441948
80.50021129268752
80.49641003890291
80.49984246711018
80.4990045167001
80.49697434927062
80.49104563225097
80.49297806590354
80.49748195457077
80.49671304470009
80.49440830957576
80.49387689635904
80.49496790048975
80.49422963243356
80.4932649067689
80.49285386185282
80.49457928608909
80.49340421138517
80.49735391690477
80.49287739302702
80.49129478829761
80.48624561131484
80.4906538961816
80.49103767113645
80.49430962243225
80.48869518476522
80.48424382642241
80.47821220923193
80.47585370156104
80.47876386853955
80.47872957454821
80.47581240212682
80.47062540561126
80.47255783637026
80.47502298704912
80.47293745973292
80.47365234119377
80.47510233135236
80.47436242815382
80.47113619636829
80.47007143316765
80.47312681078338
80.47378881907134
80.47152104803858
80.4663844172497
80.46931843283588
80.47282347053647
80.47393317072323
80.47224167644283
80.47433888386078
80.47431033173842
80.476599962343
80.47543843539528
80.4726042420359
80.47264276589164
80.47140223065382
80.47696163679994
80.4784535226051
80.47266363745297
80.47406517567627
80.47062195836386
80.46906720194475
80.4665836191241
80.46986580746673
80.47274961314464
80.47134274562052
80.46946296476624
80.47203668344564
80.46888314816223
80.47122985616288
80.48849646711012
80.49007737717919
80.48830560809316
80.48844180929976
80.48190248686569
80.48080502120457
80.46572036096357
80.4815734680188
80.48040414855457
80.48469310077546
80.4825342722671
80.47879194519739
80.47420239048469
80.47335123401875
80.47448338960717
80.47242048368545
80.47171181250907
80.47486643903302
80.47155875778614
80.47311606955796
80.47449668916335
80.4730949455183
80.47390970952745
80.4697722125526
80.46584648421646
80.46688414398578
80.4698648359983
80.46807843376307
80.46738311736597
80.47000850853385
80.46844926702775
80.46848114733629
80.46628248838029
80.46490326005039
80.46136939053882
80.46201001631347
80.46605298570485
80.45360631733583
80.45449452419582
80.45330453429865
80.45439326997861
80.45769395017331
80.45609204625495
80.45839986594059
80.45721077871583
80.45217459873652
80.45589582004501
80.45938394188538
80.4554328983304
80.45476108198075
80.45489923074678
80.45402537951011
80.4522819065798
80.45035743369094
80.44579747916954
80.44319351223692
80.44329048134449
80.44443324970455
80.44490097470698
80.44295493580488
80.45416381121656
80.45586463801752
80.4546784381174
80.45307181913493
80.45075983363054
80.44659762418019
80.44679915696435
80.44732565487355
80.44294908360708
80.44621007707427
80.44428340429899
80.4448906809249
80.44857483641124
80.45077612075741
80.45201476121969
80.45146857226702
80.4492218721291
80.44500390116167
80.4465664438652
80.4468028457254
80.44841022017785
80.45320852909258
80.45170587764035
80.44976395140768
80.45033223352884
80.45000699637401
80.4511218251692
80.4499738114702
80.4500792052615
80.45293594638352
80.44839011026109
80.44658386289012
80.4453241012815
80.44547135330015
80.44725429516943
80.4484052274202
80.45038512376377
80.44927761897547
80.44688311888865
80.44400111106341
80.44162333519222
80.4451559136476
80.44631595288483
80.44717333478361
80.44726887723843
80.44851811308402
80.44679589992161
80.4480470399961
80.44914667359618
80.45011003120476
80.45243115152759
80.45155997879782
80.4535178686611
80.4570461317234
80.45674360126567
80.45628967864738
80.45305877293356
80.4532270393709
80.45307189790371
80.45458702125521
80.46038551364508
80.46070479285484
80.46267893303255
80.46145888591072
80.46029103609467
80.4588744595948
80.46039007661844
80.46102301324555
80.46321419308225
80.46334291343041
80.45545236843432
80.45486804231813
80.45336193521884
80.45367391227832
80.45218433759767
80.45228043418213
80.45312286403146
80.44889982004378
80.44962468783352
80.46298073639434
80.46454839933841
80.4656955746715
80.46678587400311
80.46871616388887
80.46773666218223
80.4675546927416
80.46503053196548
80.4647540118158
80.46346313702857
80.46588858407704
80.46588786004476
80.47178080046564
80.47384511625407
80.4739987312695
80.46853266052645
80.47212603832192
80.47274393847337
80.47142027455298
80.47023832470273
80.47489569938968
80.47418074653001
80.47473724475483
80.4702108924278
80.47253904246077
80.47026523072981
80.47464830578633
80.47510946357869
80.47683963382455
80.47718405910082
80.47772436037152
80.47863427478943
80.48464211556912
80.48405820780279
80.48298279991563
80.48174044405492
80.48249438373195
80.48054176752896
80.4781173773351
80.4779920757395
80.47573422303202
80.47572679589926
80.47483362750313
80.47614210863219
80.47828250499953
80.47738296234142
80.47892160896208
80.47784510358309
80.47551607491856
80.47583983013094
80.4750133236741
80.47738287715062
80.47965308312551
80.47562402823257
80.47342235170652
80.47507018597021
80.47212688577311
80.46895056258191
80.4707495965121
80.4680362006561
80.46892066492389
80.47090900899052
80.47125121059184
80.47261920253098
80.47084162435516
80.47183397838472
80.4703592091706
80.47063442368002
80.47365864370494
80.47443499947488
80.47068147136113
80.47306055003868
80.47176421668347
80.46925310116951
80.46990837048139
80.47077276833782
80.47002763725547
80.47041002807147
80.47395700633275
80.4732800064393
80.473677467128
80.47481193245889
80.47413856620283
80.47284377380173
80.47637764091326
80.47403273379476
80.4729951409469
80.47322207593572
80.47310853336619
80.47193620335004
80.4745132068851
80.47556615956287
80.47582747755116
80.47781434963014
80.47840753100921
80.47751321897196
80.47588817412424
80.47509957810357
80.47620329853468
80.4751073174851
80.4759064065314
80.47844704648018
80.47702307367463
80.48094218960145
80.48158091763615
80.48162725703513
80.4820902627561
80.4829213983565
80.48341696086759
80.48307749005546
80.48419323111736
80.48498705397446
80.4845793259051
80.48703551515447
80.48601807624154
80.48886936811961
80.48720630649873
80.48988591609188
80.49226715835908
80.49136623975978
80.49033952421573
80.49085983260687
80.49324392230758
80.49310841061822
80.47877450143793
80.48965067062318
80.48970835892686
80.48948397490001
80.49101960031534
80.49096370609834
80.49105039116327
80.4901899722143
80.4883016900059
80.48808389600559
80.48668938038904
80.48726575827854
80.48664558294529
80.4868443809346
80.48833085265798
80.4885603825447
80.48728389205652
80.48872868607945
80.48894774252831
80.48635819265593
80.48541247545823
80.48504328492542
80.483929745813
80.4837573442537
80.48222243871359
80.47855203738621
80.47906512954862
80.47875836596246
80.47875359866514
80.480967757015
80.4797558167066
80.47915060790032
80.48162500772685
80.48343170671687
80.48587221960287
80.48096158259496
80.4813777202823
80.48035206828325
80.48158632787094
80.48144607659525
80.4816671479227
80.4824184017782
80.4830098916056
80.48271536095986
80.48137597414751
80.48133797487185
80.48153376133048
80.48019328642606
80.47917442753347
80.4799028154231
80.47976479041044
80.4760097386815
80.47709949498272
80.47573072579512
80.4784356863276
80.47806159726744
80.4790903940773
80.47930979165841
80.47898616314896
