74.02278880342655
59.33877838804311
54.12322274505183
46.96051974030415
48.37486037226388
48.001392837645646
47.985563694103305
48.83873966811447
46.69100688302729
47.499612614301164
47.42283836118526
47.246349588281056
47.834369592933385
48.10001089464669
47.77572323747247
48.5029944159556
48.456102866523175
48.035540387084424
48.1997392279665
48.5662401207978
48.56744369336323
48.510957318348574
48.614047457923114
48.94611712453877
49.01907515280291
49.09793414784562
49.133584558437576
49.36073338843515
49.49020129669426
49.70274077451423
49.892887889599514
50.046095749138765
49.98223442923015
50.161489962118395
50.183274041552245
50.26839631770746
50.274504927727115
50.876022939303624
50.953731977722754
51.160835989628666
51.0430775033196
51.14595337776083
50.8541019410819
51.16144863630604
50.75352669203695
51.09445553314323
50.666026175986374
51.00478557494661
50.777081979866836
51.109921590872496
50.82181809720845
51.39141928678816
51.34945350600533
51.67654462317845
51.69796584667735
51.314280641423075
51.34394688663408
51.34503261770705
51.846050111190955
51.830488493212535
51.9032546490388
51.58003391409954
51.67832701130125
51.8552058789308
51.863892799433195
51.8652778403621
51.84398700112845
51.874210788214995
51.897486679514536
51.920398362314884
51.93368639632592
51.922567912723224
51.96819486068098
51.96046415840362
51.93463472962696
51.96196681425162
51.94173268649502
51.93034703528754
51.84646307056685
51.88962741075186
51.88843783766954
51.89438613119681
51.86844135518296
51.86897094863777
51.847141071883634
51.83925905437671
51.82586167955626
51.81192200058567
51.69327235341893
51.713222092433014
51.745583617361625
51.736389347135436
51.700869357381535
51.73717507107483
51.74583207142717
51.74422387822117
51.76190732756067
51.76634752467645
51.771559633935745
51.78653896856359
51.79568417660628
51.7457196411847
51.74001915847863
51.75579702675575
51.74975919313745
51.735216034003955
51.71794087267142
51.70710815673861
51.69323047721366
51.67705642041708
51.69609171609234
51.6986162780936
51.68464230228657
51.697662186418384
51.70904521572636
51.721852892443934
51.71007756336664
51.699856361791525
51.688638106698
51.68844552089452
51.7041909321861
51.7029051926973
51.69382069910483
51.697628571086106
51.704514841178025
51.68355852830685
51.68770072798854
51.67360628192454
51.646066817140515
51.67874493972229
51.620861680897384
51.66812516673118
51.6869815760281
51.66981171401541
51.67360245989344
51.675913423896596
51.69158903072063
51.68611368496116
51.69833672510213
51.69751436304837
51.688537552723645
51.69792136103124
51.65747996937853
51.67757329837599
51.71750661527472
51.69505427050193
51.740974480881896
51.70371680127797
51.719504522809494
51.7708118270311
51.73949123083242
51.75747776407205
51.77830332863232
51.76804774204892
51.75022309078969
51.75288963592157
51.76943996061306
51.780863585535606
51.7920239022705
51.78429048581292
51.802267526888826
51.784518418841095
51.79525870982766
51.79378349069658
51.793101325550445
51.7826046876394
51.79443398477186
51.788242758459425
51.79051587821179
51.784101025372436
51.80008768915865
51.81900085045771
51.81643239236747
51.821658014975185
51.835160266864186
51.840320644834854
51.83612170311441
51.835494072314994
51.85635069033985
51.862255994838065
51.88032988695362
51.889985139014236
51.89640084722986
51.905814304155655
51.89226510932502
51.87982508801696
51.88138683215023
51.88838731031242
51.904481190555444
51.89770333126918
51.89747851878843
51.875833536681384
51.883500780595455
51.8826300479176
51.89148386032931
51.933212852735444
51.89843391421658
51.939306950621635
51.935088587133286
51.94008232339267
51.933647764343746
51.93371616419507
51.93727410593238
51.92117132744335
51.91871718937975
51.915404436160244
51.92334606154167
51.88474714154695
51.92092125549573
51.88625869426536
51.865479840498814
51.85738484466565
51.84531408078931
51.89854030607466
51.88912018395187
51.887325906057725
51.87681112248142
51.88254789497848
51.88429018083534
51.8848435956416
51.88732116276195
51.888383786576945
51.897519350873104
51.90016689499999
51.91377864562981
51.89527373938518
51.89841060231546
51.90542170522133
51.9000001158405
51.88547923177533
51.888559960802446
51.88093560988528
51.88804835101741
51.8702794494034
51.87297071251065
51.869998897528895
51.87277828720846
51.8744514433597
51.88054243135368
51.89047139265926
51.89015302767569
51.898385606179325
51.88324385152457
51.88800046080494
51.8853293092615
51.90071773643148
51.903667634786444
51.90136926266615
51.892740231808304
51.88794529677203
51.889178846837204
51.89072440049056
51.898514678713276
51.9123812081783
51.893807521058505
51.89242779565359
51.89372566055808
51.88826363252196
51.89669073377273
51.90890774250087
51.91518834092023
51.91586496495739
51.91725966305878
51.911925086014655
51.91081195435509
51.90663696579704
51.902414759699674
51.912860972700514
51.90857936145307
51.90841643937576
51.913366452233255
51.91415687060876
51.91384378814565
51.90763655602157
51.89663067908239
51.89294878705255
51.893416975556136
51.89135315831214
51.895011810734054
51.872077017083846
51.87129590687256
51.87390475484251
51.87246915577812
51.87510300495098
51.8659181917158
51.872990141284504
51.87286550166779
51.884396360430244
51.890855053640955
51.89384503525259
51.89295223742248
51.90474052193326
51.907839982698654
51.8968586167913
51.891743825219955
51.886182331167795
51.89949572394868
51.902731666559504
51.90569448893239
51.906056679877956
51.914000939062056
51.91724844990695
51.92245957733243
51.918334521603974
51.92116474545317
51.931527993125925
51.935800153836006
51.93546951904598
51.933837733583346
51.933369997259845
51.93233209253854
51.942405876953536
51.93742551082544
51.94019469580348
51.941760103132495
51.94164951175368
51.93967923451003
51.94419760917376
51.94109432028312
51.936099101589924
51.93025544601711
51.927332481562686
51.92185643320693
51.91569068112939
51.918707414313864
51.927640041058545
51.922249179805
51.914636800192305
51.91744735271097
51.915287804161295
51.90978304508608
51.90940489237794
51.90508559879636
51.90623171040447
51.90744337165718
51.91375795278404
51.91629705389853
51.92189890606575
51.924426955817864
51.926081092549474
51.921579014699425
51.91938825832571
51.91654356187996
51.91824713206491
51.917700166434
51.9243815288108
51.922023652708106
51.920735709819745
51.92204429950605
51.92278205809701
51.924267295656705
51.92699196995503
51.92808070533549
51.93191984396667
51.93292502141527
51.93322516149432
51.92839417272822
51.92444762745359
51.92398074193308
51.91758028238588
51.9114389327323
51.91317384787909
51.91534084264743
51.90901306738921
51.916689299221595
51.915463806564
51.9091454469711
51.938623751151546
51.93945997707667
51.9446222787857
51.95052368591774
51.949352699905
51.94670982621049
51.94887364360467
51.94954366694343
51.95272050796543
51.950546024615264
51.95550642789826
51.9608572841372
51.96427339332151
51.96525235344833
51.96992757285292
51.97434503585192
51.975984911785915
51.979402253584695
51.97877358959553
51.972884957346665
51.97478491094252
51.97714054871451
51.974077570806585
51.97183060142805
51.96396273230912
51.97010918960858
51.966975669549576
51.974125306013754
51.97296393847757
51.97413497860277
51.97086386229197
51.97156243053027
51.97946596337515
51.97883670357149
51.98373944066125
51.9864497716783
51.985351222432875
51.985126025295905
51.98365982338065
51.98339008595401
51.98342513246311
51.98453308929745
51.98684251676954
51.98836654841583
51.99134998724054
51.986314633241385
51.98164783379332
51.97899259712128
51.97261227283398
51.97190370154912
51.97373001368929
51.98583774570607
51.977841833695585
51.98205169432478
51.98499586337034
51.97873829353999
51.97596546060862
51.982077470170005
51.98475046607005
51.987276068031804
51.9854960349922
51.985725850476975
51.98389366183803
51.9799226088912
51.98510321847861
51.98707757179645
51.98650484675873
51.991897544762175
51.98500699643928
51.983642906897664
51.98127740369046
51.98288958714849
51.98490428148777
51.98492973755801
51.991714573389686
51.99109124484399
51.99156456710069
51.998614631221045
52.00396955552712
52.00505281951398
52.004028932423616
52.00430488953787
52.001847173295154
52.005848960932056
52.00445904849252
52.006790729060015
52.00924064491567
52.00529103348222
52.004089438351485
52.00676073163791
52.01205195591736
52.004795900945126
52.00313985250043
52.002647554694384
52.00564506048985
52.00346767679977
52.00278197660693
51.999696479279905
51.99572742329904
51.997369727281026
51.99610914238844
51.99564316412439
51.993135038501364
51.993872152556406
51.997193231446964
52.004565853235405
52.00317485877324
52.00324589867512
52.00401518930514
52.005587154180525
52.00395406019683
52.0048754694731
52.00110025369021
52.0009281193481
52.00500200021054
52.00406897539767
52.023963444657404
52.026297044966505
52.022686127465306
52.023382604922546
52.02357953617667
52.0267757116633
52.032713325653674
52.031421263881974
52.03467299281276
52.036229662700826
52.039237545245925
52.040147835193395
52.04395040005939
52.043556737174505
52.04392682274001
52.04239105901459
52.04351832317436
52.04636578378269
52.05147610379007
52.05557467887433
52.05610560121451
52.05578903998313
52.05348802465163
52.05604290483757
52.061501922290866
52.06398064906375
52.060847501980504
52.06093568583889
52.0639400730503
52.064818416071944
52.06379642840574
52.07221795447303
52.07164117668618
52.07017959696352
52.06534909339743
52.06800200673763
52.06444578172733
52.062311336367785
52.060265045653544
52.06096609174418
52.06908983112616
52.06568196935535
52.067913877592694
52.066560000642596
52.06829136266185
52.066793333184776
52.07315387248285
52.07731428337048
52.08003783883501
52.08151133995344
52.08406475962676
52.08621829972941
52.08702088122636
52.08978786749993
52.094929403455716
52.09623820595936
52.094239939947876
52.09603277918902
52.099514271882555
52.09913522939505
52.10083295880019
52.10815934257642
52.08552484485895
52.08670243989422
52.08682215097015
52.0876035829359
52.08447913831581
52.08556034555628
52.112710533314214
52.11923340163669
52.11736427444776
52.1169617119238
52.11598893918911
52.11358414048166
52.11586082340961
52.114332977519894
52.11548895179554
52.117192665859186
52.11691957075625
52.12013537200198
52.11925511778819
52.11941834854079
52.123019565418424
52.125369248335474
52.124510020118734
52.12576336359724
52.12144135608974
52.1193769827252
52.11980828420987
52.123431684124846
52.123276018700565
52.123482899618836
52.13010678669777
52.134278782528135
52.1323146432159
52.13478039445615
52.13244962259448
52.13477856115547
52.13605799776074
52.131508041756824
52.13349505067913
52.13363095192885
52.1341013154121
52.132685471323505
52.12706248032538
52.12082344252435
52.12178410644385
52.12135703889866
52.12462905965526
52.12492640594896
52.11757340328999
52.12164054727342
52.11488292990422
52.114823317610785
52.11472415078776
52.11070469446639
52.11083219575469
52.11613336145429
52.114210579784675
52.113139235255716
52.075230340107424
52.11741464577032
52.0776515714802
52.07631614076305
52.1226225126613
52.12399631669724
52.12025142276627
52.12237587131391
52.119077996324805
52.1212009419685
52.121332680010866
52.1228789240475
52.1256685672771
52.127630686074916
52.12537232167009
52.13031698346974
52.1333318642939
52.13172126087834
52.130198243300015
52.08589737189081
52.08715340110934
52.13845099333468
52.09099089097985
52.09246469793453
52.091953459015016
52.09195108355976
52.09239270859465
52.094115672706806
52.09602777596854
52.09390514964159
52.09550179132353
52.09831963383743
52.1565027296227
52.154544091382355
52.11484554896456
52.151820768005
52.15361577910942
52.15125742732512
52.15035143582736
52.147164943102624
52.149544236213856
52.14987203297431
52.14777331596909
52.145095336452556
52.147165689458646
52.1469274220535
52.14859777654717
52.15106042505732
52.11215042360858
52.10914102727637
52.11187605874738
52.11273562071732
52.15354916627142
52.15095382075974
52.14975805939816
52.15021820766076
52.14745795947687
52.14736583312586
52.15172189355636
52.149531658565856
52.151112179294046
52.15213454895439
52.15001536280715
52.14777351437353
52.143446740251356
52.143934985366734
52.100689358217984
52.099128158449496
52.098998924247184
52.09823111520084
52.10126860188867
52.103383426890304
52.102300511012984
52.09773948330102
52.09803214290147
52.10092041751074
52.09641080468061
52.09447684354206
52.09429215946886
52.09551162538462
52.09222771645797
52.09266816886094
52.10597656119784
52.10872815960493
52.10917985169874
52.11107350569958
52.10903041643896
52.10934556400319
52.09901908202041
52.111755848892585
52.113540991996594
52.110140995716456
52.11257283553327
52.11201298464404
52.10932825203289
52.15185597217889
52.15461773018694
52.15220822569982
52.15095786239535
52.15215056984835
52.152096424997794
52.153901359832936
52.158772348217965
52.158754423138035
52.1577224293635
52.15369808567118
52.153923528430234
52.15378346713036
52.15081050731454
52.15060993106838
52.15123844239662
52.15557591617082
52.14057709423264
52.141898732528574
52.15646648871673
52.159924079566764
52.15815110531804
52.1633867815768
52.165177595477566
52.16724873067241
52.16885115512236
52.171465983401404
52.17044323170573
52.16849022844987
52.15673376515979
52.15792984165274
52.156908496284274
52.15808558021157
52.155500972602205
52.15156382337541
52.153033886915196
52.15013497833404
52.150098153313124
52.15329951743441
52.15349483517966
52.16468856439102
52.16704632542871
52.16816029430665
52.16889293228692
52.16901174268241
52.168617871392755
52.16694355698012
52.166102424107066
52.16775949606592
52.167886109920104
52.16721710566867
52.16783794659915
52.16698814391047
52.165241652800354
52.166498158165986
52.16780659403917
52.170220258964584
52.17567404339412
52.17874907303648
52.1793050250763
52.18105750142002
52.182141569123296
52.18176813882529
52.18127882741112
52.181068021440154
52.17671520005342
52.172668763316345
52.170894135036455
52.16166096727706
52.17299041387408
52.1603470867336
52.17233372551009
52.171334648476815
52.17018730604477
52.16802787043233
52.166385247807085
52.166961086466316
52.16929534771743
52.16632712854713
52.16575192113077
52.164993850899776
52.16621889634387
52.16328944184256
52.16331390606738
52.16400763708359
52.16695827412005
52.1719469968864
52.16983494298601
52.170717154581546
52.17265480283545
52.16396108424572
52.166131850744
52.16319015368231
52.165454792776124
52.16569166339488
52.17304129837691
52.174123776875845
52.1717566331473
52.17420741151858
52.17445054942966
52.17413578646267
52.173135558099666
52.17010179010165
52.168415414226835
52.16826976073814
52.1691476513903
52.16529114780176
52.167174024336774
52.170502936748214
52.17374156477938
52.17074073946966
52.17160024918107
52.16351581395495
52.17063670721602
52.157388466756096
52.157966773398904
52.16253693763909
52.16311804162231
52.173505169729275
52.159864188185935
52.15738798007504
52.16958576170273
52.137809860899
52.13260398083735
52.13135403983229
52.12925862180211
52.130506057975005
52.12963853941041
52.128062100847615
52.12853350463463
52.13114707355158
52.13355195608886
52.1351418148046
52.13151046984752
52.13383413507448
52.13088148672519
52.130519609052165
52.13206127227543
52.13246733736325
52.13071954767175
52.13200070309904
52.13318723754235
52.136756101822584
52.134030431151096
52.13898498891806
52.13683870108612
52.138751246890784
52.1368901640377
52.13868191937551
52.139479482100754
52.14418117674215
52.14341379245288
52.145282217334646
52.14538052178361
52.14510158639325
52.14470941305058
52.14500164836479
52.14641608817103
52.144495204252124
52.14214115348045
52.14364280090108
52.142272491712475
52.14363091793575
52.14530892290584
52.144404684847494
52.14557323828668
52.148777187146564
52.14938449822429
52.147607369857546
52.148039074476976
52.14787588042792
52.14566109290112
52.14774482607061
52.14651092313114
52.146240396067824
52.14682331734908
52.14634705832173
52.14388302996737
52.14258169173563
52.14146186434873
52.14118495979355
52.14285122615342
52.143631845853164
52.14374346708163
52.14138933345615
52.13914721054628
52.13683638385505
52.13712321137671
52.13654796385023
52.136825716232366
52.1382796876648
52.1399903498542
52.13957367988909
52.13765352716492
52.13891303671594
52.136643271569994
52.13564965601118
52.1397860486746
52.14102814294555
52.14021063310955
52.14089786909154
52.14167971444124
52.14307546587236
52.14477028215545
52.14717758612028
52.1481683865616
52.14894439681685
52.14589444706523
52.14599112169552
52.14763853049388
52.148305755359885
52.148551056852334
52.14674548207595
52.14301264241404
52.140798349591755
52.1405255884281
52.14416387163283
52.144265492177865
52.145429637150166
52.14394088738924
52.14487806326819
52.14446153859476
52.14664553530088
52.14822196102091
52.14884420260541
52.151846746898585
52.14906524485576
52.15169325480494
52.148557460353096
52.15065497290621
52.151329165790024
52.1548627233204
52.155262950811725
52.155514771229306
52.15594871770962
52.15899506026851
52.15989140277716
52.161472090592746
52.15857503138078
52.16161773743309
52.16085342691972
52.160427407297064
52.15888370835781
52.160729576220604
52.1605502351474
52.16432611856209
52.16414053145566
52.16017949578111
52.16050872782084
52.16102289227386
52.16401409316115
52.16455439170971
52.163814791730786
52.16136690387573
52.15879392467128
52.15698612929721
52.157416753783224
52.15977742522028
52.16121629620681
52.15958023304121
52.161955615332644
52.158596663788806
52.15652192051328
52.15640081706778
52.15334760292888
52.15083110686246
52.153245681876015
52.154829666727586
52.15552914331988
52.15603760547075
52.155569383409734
52.15360269539803
52.15459638520939
52.15811326066142
52.158695475101965
52.15517278904526
52.155782862469295
52.156656773728464
52.153231613492906
52.15393269026523
52.15161407441711
52.15174433396206
52.15323768349515
52.15342198863135
52.15225440965114
52.1513259704117
52.15226111087285
52.150947866095365
52.15074653166067
52.15008105927354
52.15015456737387
52.1534277082708
52.15303894804254
52.15241421246285
52.154605097473926
52.15444695077516
52.152890530483596
52.15116630325187
52.15178024531235
52.15286881363946
52.15039416608197
52.150530942528334
