61.5765039302138
58.92407092080893
57.20093510743921
56.81230506153133
56.969455565316686
56.706072108254666
56.50134191282673
56.29660690897583
56.11391587403633
55.90218271051424
55.6545935786713
55.72941514864351
55.788580012400836
55.6628043802916
55.71378185832964
55.74043898589918
55.60561926058504
55.527874142994484
55.41944951045413
55.564899837678695
55.585611466525016
55.588597002621796
55.554644724992976
55.63007375069718
55.644858858298
55.77107256480997
55.773555126537815
55.798291454232924
55.82286649179303
55.77231709340117
55.656246222539316
55.5654670548705
55.754181679242095
55.75290526353616
55.74142946178056
55.76635169131174
55.74449139651238
55.71808795980537
55.60725797342517
55.75681891211631
55.76940029375918
55.67676531610596
55.66296581894222
55.63952833527649
55.65137926694966
55.64718004580861
55.68757806591775
55.64480375790887
55.65188079363679
55.66434774562044
55.70659210111544
55.71885737563919
55.79539276350224
55.8087600589127
55.807097947547675
55.821210608591116
55.82839071444033
55.84683667302111
55.83273954732
55.85542689852329
55.84226126054111
55.92306626215429
55.901085076001344
55.83263143951296
55.844123091550706
55.84133378157412
55.78808291251149
55.7695558993276
55.80842691650074
55.77310405488445
55.75118618519175
55.76418557708771
55.7383484935023
55.73767014420958
55.730937019394965
55.731607041061494
55.725007059288934
55.70848994743178
55.704313251952385
55.70310415377272
55.727064460680765
55.760793607425654
55.741343313774756
55.74073801700141
55.7556851697098
55.745064785251124
55.7393304735183
55.71780342693607
55.724171613374864
55.7167451536612
55.70829937248933
55.68477946887129
55.66345114361333
55.64006909485505
55.63794502115734
55.62694562235451
55.63190897760028
55.647134178955035
55.65568962391454
55.67390818521349
55.67125059256918
55.658765833742855
55.68447131386651
55.66526996985128
55.691277273416496
55.66026357460223
55.67366869321027
55.65143991438599
55.67443977307461
55.67806908720195
55.68429334405582
55.67611370902814
55.64010984246237
55.684592499599965
55.68106298238943
55.6460510545593
55.6518407125278
55.64691519139765
55.627746272510805
55.64873148523633
55.63612681631886
55.63187021328267
55.613196046592634
55.61269835623638
55.623608921851755
55.63402911139525
55.637198731104284
55.64187351887171
55.63731386484124
55.63656678210545
55.635782088202376
55.61989848208076
55.623556136279156
55.63474060968564
55.652166346236164
55.65732651992283
55.663087276133965
55.65762798195751
55.658562454509074
55.65266175256492
55.65110539532491
55.62430688851717
55.60587088385211
55.62529395090416
55.6100696575628
55.605669742945864
55.607012832801324
55.597517152783716
55.58878082634552
55.575408574836175
55.57529905586842
55.58150674507283
55.572951258986095
55.56890353573375
55.57018242710584
55.57124668056052
55.56768452871155
55.561702276269266
55.55055118280655
55.54780613143188
55.55238093219865
55.54498665866311
55.54115513730952
55.52682369720313
55.51593476424676
55.51967149160107
55.52185048383526
55.52853064064109
55.50672684943825
55.50977297904465
55.52195957418102
55.5168234055074
55.50999027227956
55.50305768226533
55.50347985506923
55.49667366908345
55.48800050365665
55.49374839230769
55.49595220676541
55.49666307955203
55.489120973633995
55.48421276111774
55.482013117745545
55.48390773191281
55.48600848441958
55.485672724565084
55.48555505066697
55.489433027922615
55.48910978045218
55.49456596123765
55.49833634430461
55.49774825008267
55.49187136512507
55.494716816639944
55.4955019147321
55.50180440520862
55.499810178656006
55.49826595264692
55.50489295781611
55.50681379756384
55.514450418499926
55.517812414612074
55.515944984459246
55.51485580456811
55.51602018432573
55.51961625644522
55.51495810665566
55.55765171770577
55.52114011801798
55.56524138738016
55.52233238534585
55.52798582566305
55.53495276746561
55.530027911110174
55.54048085325599
55.548270774395334
55.550017071838504
55.5549596086635
55.548986984315796
55.55158332804166
55.549786339109275
55.54766744782593
55.5469984205756
55.5309241227055
55.52886391843224
55.53788809199375
55.538065723322056
55.538726796769176
55.53955931369746
55.542210097153635
55.54520126130916
55.5559051010948
55.55745680764478
55.554229708730055
55.55531165466682
55.55374914496817
55.55324109428856
55.549264344863445
55.54283616311033
55.54131151624698
55.5398736347295
55.54331647529103
55.53733732259443
55.53081050308093
55.53455937258333
55.533633925924065
55.53370970189961
55.52694369782258
55.52906814517707
55.53407531838621
55.53876476624134
55.53364769437787
55.528087732246505
55.52537642403896
55.52485179641769
55.52569462497116
55.52653015861642
55.529499321872436
55.5258861240197
55.528655756311444
55.529440934163475
55.52893957935055
55.53359317170928
55.53427376869923
55.535611334599615
55.566094080966536
55.5676246014851
55.55678677373539
55.54897300258025
55.54850272801614
55.5574294866169
55.54509431400676
55.55438511379863
55.524825442215764
55.549724031625956
55.55649996847451
55.56279719590497
55.561212352448294
55.557380975990455
55.55315593187789
55.55636527470804
55.55364279665953
55.547314441899395
55.55261457347496
55.55339436329856
55.54682586546459
55.54658724532245
55.54867248491354
55.54652712528261
55.54522822856263
55.54765613055109
55.54960991480112
55.553284803255366
55.56086875712286
55.55834746134894
55.55748292646863
55.55485253167144
55.55809911598808
55.55773673923335
55.554525178172895
55.55982711061392
55.560058156017924
55.56140100262271
55.561830617842894
55.56441514387062
55.56180533362978
55.55712658236038
55.5664711370642
55.56549924873556
55.56514704868071
55.564949868538314
55.564455548721426
55.56236983888153
55.5617314503054
55.561856399910184
55.565043758680616
55.55842783099786
55.557395153417694
55.52868220667574
55.5326672342887
55.543519244988346
55.537800716462044
55.534759733827364
55.532664494087754
55.53620143506969
55.533901675327265
55.53251522875648
55.53295651899102
55.53497592430385
55.52268379218346
55.519002268572365
55.5068602668675
55.520823967599604
55.53200997021092
55.531631779638225
55.51828969050355
55.51206278423397
55.523157954153255
55.52124017949446
55.52129715870586
55.52003033676643
55.52203678032784
55.51889437400771
55.51610720007952
55.52112609848193
55.519137211012655
55.52280587779653
55.52749908371846
55.52754835255726
55.527806806972706
55.52900255856204
55.52968132036899
55.525318352789235
55.52556634688947
55.521519587493046
55.521687820745065
55.52495465473756
55.529927555539025
55.53187403408725
55.52738571581359
55.53069721166756
55.53482669611728
55.53623727987257
55.53579396809899
55.528868544408205
55.527616369763784
55.53280918710937
55.52875867937972
55.526504449934095
55.51786768443436
55.52422595916652
55.52194560340136
55.51750688334708
55.521344286216944
55.51461442132036
55.506182986622605
55.51175239008858
55.5052287449023
55.504388973212826
55.506805491258916
55.501028808615914
55.501921629364425
55.49635133304665
55.50218455203787
55.50327222569655
55.498116660853206
55.49696499300052
55.49671191491802
55.49964538189903
55.49685990043953
55.49484248841733
55.494772487857695
55.492289639285325
55.496753790490644
55.50109500231914
55.49667683999379
55.50629465713159
55.50261511299179
55.503878534134095
55.508044912978086
55.50620579004787
55.50915080671883
55.50699617525443
55.504681054740935
55.50188093305255
55.50067425296824
55.50719636997131
55.50113388658962
55.506058276334734
55.50205268622289
55.4953827761158
55.5001281275662
55.506211570419815
55.50196640204786
55.50213319103531
55.49513908621529
55.49476500377762
55.4952351920959
55.49347956354279
55.50111544661345
55.49886457256915
55.498004965776204
55.49183504686982
55.48896886090386
55.4924740011157
55.494450781023296
55.49364988504615
55.49303663797326
55.4857121593185
55.49447661941669
55.49447191606241
55.495625406983855
55.49329135683945
55.49027822646855
55.48671428464117
55.484974220060415
55.491701352686576
55.49476175382339
55.49417966555974
55.48808734175766
55.49436325173077
55.49323292995862
55.49449516059996
55.493554532741975
55.500517271799815
55.49817513166993
55.49826207126061
55.49680439645255
55.507016348487454
55.504040452727835
55.504470608778504
55.50625928637915
55.506441359616616
55.50171610001577
55.49536955677984
55.49813232861983
55.494510890154636
55.49286881271603
55.48359388965846
55.494258735995096
55.50178927959263
55.49550614026396
55.50476273760685
55.508367611804886
55.506445509202685
55.509005042573484
55.50909593435116
55.50678850383072
55.50227607524041
55.50065447341405
55.50047952451841
55.50391435165024
55.5053148335568
55.504747237836405
55.50933617463893
55.50683855342993
55.507431614414614
55.491223672181334
55.49456442192922
55.49666419454244
55.49793376200944
55.51687943097921
55.51544633571793
55.514340668202436
55.50023138773468
55.500645121066235
55.50277327397765
55.504759104522726
55.506087799039356
55.522471115022036
55.50897816813023
55.510006023633316
55.523847693301875
55.525483054091225
55.529683086353984
55.52628879685146
55.511469415853476
55.51213488874285
55.51234475493435
55.51128810415471
55.51015285390329
55.514766395982974
55.514635240892225
55.51157696052305
55.51001237451618
55.509987367005145
55.50679297488173
55.50716314061852
55.50210702235132
55.501485619557776
55.51342955825502
55.50581507373691
55.50427792985664
55.502121450499644
55.499056258811265
55.50084607973718
55.50380383750046
55.50703162175311
55.50990657942806
55.50814701102471
55.506775986623126
55.503611075195856
55.50500432851506
55.50627048806554
55.50816754642072
55.50852542939992
55.50808614349378
55.50810343601571
55.51233745196555
55.50944675423683
55.50922291789441
55.50615912745787
55.50333718060971
55.504639190913934
55.50809456501893
55.5088622278276
55.519696721921385
55.52023936601138
55.52148248612911
55.52108688635467
55.521615486250376
55.522860272719804
55.5198859380814
55.52179105698227
55.522597676594984
55.52068406920524
55.5202897034338
55.51946562103669
55.5177977093606
55.51717189764408
55.519455613195255
55.519342371004434
55.51944791739851
55.51980730460389
55.5198751606267
55.51896591962746
55.52031546537999
55.515596145900886
55.5143255785766
55.51475400054306
55.516228139772245
55.51453818567624
55.51161280965855
55.5130537885512
55.51138801020019
55.5083849005192
55.507443472084866
55.508657731828954
55.51034215562792
55.51234581911312
55.515461033943495
55.510111914850945
55.51144372876138
55.50757577504562
55.5066742651327
55.509410936131445
55.508698960783796
55.50556907609748
55.505764515270535
55.50254549277462
55.50611284086156
55.50609319812377
55.50596801500268
55.5020832727128
55.503052521863346
55.50388742112555
55.501735214449766
55.50153346293449
55.50195519461264
55.50160951179825
55.50015667377197
55.500058873553655
55.49938738680688
55.497038414991394
55.494859814210024
55.495698780571125
55.49815759010568
55.49634081378729
55.499418862095766
55.49375858596305
55.493810590010845
55.493424938648424
55.494028622793536
55.4945202075445
55.49202776558433
55.489907733761726
55.49281877420813
55.49499478085475
55.496633984755015
55.49728321647248
55.49877033165437
55.49732257122343
55.49713733603634
55.497978954229914
55.49717437641035
55.49573011017694
55.49781265396957
55.49862229679023
55.49794619957575
55.50137917619158
55.502195912893754
55.503549576564765
55.50510174445341
55.50706253936073
55.502302178939445
55.503021101932376
55.50006425726792
55.498740781333574
55.49982207402704
55.499828847553374
55.502544018186605
55.50405341103786
55.505416948641184
55.50329305881073
55.501208484392976
55.500890740208966
55.50081087825588
55.50186689008557
55.50251674375296
55.50966004050044
55.50087699838781
55.50509022289029
55.50586609959218
55.506335736647095
55.50411075855775
55.503425483887014
55.50394101879352
55.50169695599414
55.50146366450414
55.50114328564865
55.49974122125762
55.50056213181605
55.50144543009063
55.501252312713525
55.505108414972355
55.507605297107666
55.508248946384654
55.5093615713418
55.51039831885742
55.50677235416912
55.50694942468328
55.50381946292772
55.50268980898337
55.50073296118617
55.500415272785375
55.50100368577334
55.49876245955262
55.49804111802125
55.497108219741634
55.49401470724704
55.4932886216472
55.493873316941645
55.49144963904745
55.491523479498326
55.489074977686876
55.48825449255288
55.486388386915486
55.48683474527139
55.485755411682874
55.487389337338946
55.484904693320345
55.48502461579535
55.485660086706126
55.48348901916775
55.484679341138296
55.48349125074711
55.48417134716497
55.4823906855487
55.48257713831314
55.48548107174188
55.48376522386224
55.47729659380583
55.48533080768389
55.48738492951619
55.487567280720825
55.48876260741991
55.48759342999053
55.48786733568613
55.489480778531195
55.490797478691256
55.49080628741598
55.49395755356925
55.4917210902976
55.48456144703117
55.48706157018221
55.487652240998926
55.486079932666804
55.49635103568728
55.49835611594967
55.49712295908617
55.485224438209926
55.483915757393696
55.490846472839664
55.489191071736734
55.48283764988178
55.48293710389675
55.485486553162666
55.493837772849915
55.48541396299135
55.486807572302084
55.48708896033871
55.48561447555994
55.483326654587835
55.48425457244358
55.48430030076297
55.482321808127836
55.47989903895505
55.48168519177985
55.47838864235209
55.475607522263644
55.47474450245078
55.47529879647908
55.473931691940024
55.471912132571454
55.46931392612333
55.46815518119873
55.46866956429321
55.467471785317606
55.46656208362926
55.467974072972616
55.46907903882589
55.46772910482212
55.465814455118625
55.46757771871951
55.468359209198844
55.46850490880887
55.468843524356174
55.46663303972441
55.46749812371888
55.4693420382323
55.47024780859237
55.47093140773018
55.476475009864814
55.47556110880588
55.474037533066365
55.47248263160079
55.47052615842109
55.473589094997756
55.472542023969666
55.471602560619324
55.4741305996008
55.475412450489074
55.46966029702021
55.474030317973394
55.47015799242692
55.4734190389903
55.473003664957524
55.470780919980854
55.47251950331002
55.47387853642876
55.475844887514086
55.47719377309538
55.47652361344002
55.47455347504738
55.47515971642396
55.47638907771758
55.477224229392604
55.4776704715527
55.47740700282982
55.47604577947798
55.47427464871376
55.47465418477304
55.476766545533856
55.47811146682083
55.47836882540673
55.47627559411952
55.47653054296212
55.47648624803122
55.477052216031545
55.47571530618265
55.47406708826054
55.473394321993986
55.474643613967885
55.47433213926557
55.473228853369086
55.47007906000175
55.472090509897775
55.47341486722944
55.47061844502942
55.470028472033235
55.47087846717665
55.47291728535169
55.472476273012624
55.473887128826185
55.47062327457392
55.47040148850607
55.47034065995178
55.473228940669166
55.47216621861072
55.47010323163575
55.46526323904593
55.46561197089582
55.46553524782843
55.4658809939218
55.465646254458406
55.46406847508734
55.46514223607874
55.4624716009708
55.45983165522558
55.457445943578755
55.459266568841365
55.46171019097741
55.45988461717486
55.45899364105912
55.46029462683794
55.45955551632495
55.46107414907464
55.46032742351604
55.46062880447269
55.4576326714625
55.45610158186619
55.4543846622324
55.45382470055414
55.45303586872449
55.45266801062364
55.45077181607266
55.45124181737034
55.45185569777697
55.452355202806295
55.452815045000115
55.44275021931778
55.45290951141419
55.4542335888026
55.45414972896519
55.45484649316954
55.453255920961766
55.45155311075597
55.45049889119756
55.45239866854467
55.45236547404444
55.45190351238845
55.45109456521596
55.450889662949564
55.453008149157554
55.451933843102886
55.45063748475595
55.45144284659601
55.453244158260546
55.4514481934631
55.45191051126075
55.45176954135051
55.45063250445322
55.44945946731699
55.45007367645179
55.44998873744758
55.449867887009354
55.45228777236476
55.450822993994784
55.45038288945555
55.44979259864001
55.45035457602269
55.449813488272426
55.44907368104034
55.45002067407104
55.45074308996696
55.44929840882501
55.448899462810935
55.44699961361784
55.44567081716826
55.446896340027884
55.44841452611882
55.44662519281909
55.447257262154
55.44717309641419
55.44613788455237
55.44708870754414
55.44657665504486
55.44806252050786
55.44641372348302
55.4473255222998
55.4486580905708
55.44812713641364
55.44791595401269
55.446600552505025
55.44706465668575
55.44908002487196
55.448334475850615
55.449573713388425
55.44898198269047
55.44884542095329
55.44807312834783
55.44948276676621
55.44801270077206
55.448942162087214
55.44578546909995
55.444832734431444
55.44539325481277
55.44472309061499
55.443884873748594
55.44343678025423
55.442381075550095
55.44232999408101
55.443250825331184
55.44361656492248
55.44556224725579
55.446388852196044
55.44433471203678
55.44372009200755
55.44182001038253
55.44078664637387
55.439532875669784
55.4399518064379
55.43881243153928
55.43557726449738
55.436006943842756
55.43724967200643
55.43782922511138
55.438983657464924
55.43824443714167
55.43890279641944
55.439665687377044
55.439309693192854
55.44049285852577
55.439125692490805
55.43888890435273
55.438856995316655
55.43667781998814
55.43624339919918
55.436611814397224
55.43652818417019
55.43512088735477
55.43431581497573
55.43458245156341
55.43447269223342
55.43443315670465
55.43378118298616
55.43324712264859
55.43341252943005
55.43388754162556
55.43243898375409
55.43262693096893
55.43260225156213
55.43085609108673
55.432549810291334
55.43354292526066
55.43282198088679
55.431380351508615
55.433032934003506
55.43083958749683
55.431919084540105
55.43142529071349
55.432287680380824
55.43345954013812
55.43295001710934
55.431638988601314
55.43296099682724
55.43208711208891
55.43214102280085
55.42954110462263
55.42747873934632
55.42571346880868
55.425729649016716
55.42458532294955
55.42564113070199
55.425173795328874
55.42439141373276
55.424704078082215
55.42324372707887
55.42348340733324
55.4249647246092
55.42378191512329
55.42344289708128
55.422395905089736
55.42418520137983
55.42278664928985
55.421676225857986
55.42194945815047
55.41985200735227
55.419357621577625
55.419119174618494
55.41831235019091
55.41813452941477
55.41685025416359
55.415081141457335
55.414116142049714
55.41435578129661
55.41490211488187
55.414703029253985
55.41531877750771
55.40856294997692
