1.7221141081008082
1.717772463501384
1.5917423950866543
1.593774707686242
1.5216349864150984
1.498345148678658
1.4541662610831865
1.448368620065021
1.4381575172307668
1.4347548160362733
1.4315614052639685
1.4186245389041812
1.4504308372472154
1.4179672858549814
1.404982223159033
1.3957424871064081
1.391545518483395
1.3914137558063926
1.3889014096444834
1.3875428837778037
1.3995035807149085
1.3876785570225227
1.3932830546828772
1.3814013337952618
1.381981386104901
1.3804408439110065
1.3796765641824393
1.3772069575155714
1.3751959892124286
1.3750372603209597
1.3762351822186185
1.3767121844150114
1.376695150356664
1.3768950392750519
1.3770758590820742
1.3767553262289545
1.3764968015806684
1.3772339775467533
1.4093037946398563
1.3760733434530745
1.40953235061283
1.4094696074944435
1.409388119789823
1.4085339829834944
1.4075322740254113
1.4069732192658555
1.4056120195029111
1.405506572642209
1.406384798507076
1.4069559700673882
1.406550635258039
1.4065304382185726
1.373355279135069
1.3718480765971748
1.3696725337618183
1.3697487114727136
1.3696701932997837
1.3693209447196262
1.369188591758006
1.3698183033277573
1.3697546975015702
1.3694024489785561
1.368774102318542
1.3687423609643015
1.368531866488503
1.368434733271566
1.3681002923067782
1.3679351313456092
1.367353489010621
1.366830678579064
1.367239645967281
1.3674156982660364
1.3668983563965909
1.3669486404236728
1.366820878582635
1.3662618971783616
1.3658140312357232
1.3652836451590227
1.365471998051962
1.365521868439936
1.3653410492426588
1.365427643908267
1.3653383300919133
1.3648125747929223
1.3646875225717412
1.3646565342078458
1.364616905699124
1.3639863332930031
1.3642603767131536
1.3637962991409402
1.3633007542031077
1.3634267572381702
1.3632991405429125
1.3638055623562453
1.363750034425037
1.3630762484832637
1.3628496121582623
1.3628431645164079
1.3629370785847468
1.361693737295624
1.3624505492045678
1.3623156214467358
1.3622016160371733
1.3609919908438801
1.3609655053095215
1.3610771918596716
1.361630991811308
1.3608088587604474
1.3602876080418718
1.360021123980496
1.3598870157156189
1.3600214299070448
1.3598499196296328
1.3595283914156087
1.3592767068659937
1.3590682327041697
1.3589660114469448
1.3587940195861667
1.3589439787956141
1.3587454559580503
1.3587157805837802
1.3586759677880742
1.3586804256584675
1.3587128345484163
1.3585592493925083
1.3581903222359624
1.3581917715144245
1.358401121565304
1.3583095331901258
1.3582559945840371
1.35811492426262
1.3579397890139888
1.3581514082651893
1.358169490967584
1.3580572103712776
1.3580992369015614
1.3579940271233666
1.3580371648147036
1.3578929679011458
1.35764471418333
1.3580102717999434
1.3580412107602131
1.357952020578639
1.3579406689017022
1.3578963093793444
1.3577538660779132
1.3578515380957012
1.3574835250498996
1.3575432400547691
1.3578971828661117
1.357775770248151
1.3576159335061186
1.3576041746309506
1.35738715916586
1.357275221149775
1.3573536129250827
1.3574198869308234
1.3573085362493171
1.3573802456788693
1.3572145351043907
1.3571105406426194
1.3572931442373828
1.3572493575753108
1.3570936530807742
1.357222830824514
1.3570715863728913
1.3571101969323474
1.357018886346326
1.3569753626233994
1.3570855218547884
1.357190236057431
1.357163353184847
1.3569909481257003
1.3570003257517946
1.356767230038978
1.356827404472895
1.3566033941198756
1.3565910500153966
1.3566704388374056
1.356526666719275
1.356386671197278
1.3564099312487237
1.356408840032534
1.3565605658229243
1.356656699260489
1.3565987002815072
1.356404413582686
1.3564814877586315
1.356579141171292
1.3566821149576958
1.3568094806434192
1.3568678034445796
1.356881067131435
1.3568700698785312
1.3569066114039883
1.3568201302843281
1.3566783221967305
1.3566871266811802
1.356441370640686
1.3564926363359437
1.3564588558232882
1.3563912994149165
1.3561142310703076
1.3561292139432788
1.3561096021105334
1.3560943976268673
1.3559486595843793
1.3559090254704442
1.3558676682242925
1.3559088245762796
1.3558093194304977
1.355724215046284
1.3556663774830577
1.3557420903255002
1.3557520229599922
1.3559057899268656
1.3559613698712367
1.3559358676948297
1.3557845309182732
1.3557857053109041
1.3557981129766807
1.355744302512968
1.3557040150146937
1.3555117706350746
1.3555490722328178
1.355520224201864
1.3556280166054402
1.3557373350599806
1.3556238821984117
1.3555690553335764
1.3554842297225311
1.3556194437633016
1.3557363350146985
1.3556721722175138
1.355682402257813
1.355641630385166
1.355741283419465
1.3555679402563268
1.3556532562001211
1.3558139335162083
1.3557208360308823
1.3555606314969775
1.355566962517233
1.3555017195063848
1.355478500411216
1.3553720848256112
1.355370514850595
1.3554206192080438
1.3553102478886803
1.3553426780616824
1.355183918427258
1.3552467112378976
1.3551762687536228
1.3551673912329982
1.3552093488146604
1.355243438711157
1.3552644744108662
1.3552436592447132
1.3552108030221532
1.3551067946731765
1.354973843160422
1.3549301238999911
1.3549364869949807
1.3550019808550415
1.3550616739921815
1.3550116818062226
1.3549736395666228
1.3550248167992789
1.3549686688829607
1.354926215479231
1.3548919458382533
1.3548095400861877
1.354797042579585
1.3548422768997448
1.3547297934196492
1.3545515833715809
1.3545376792413357
1.3546019236428646
1.3545984898893744
1.3546225062484494
1.354639898720643
1.354560672512209
1.3544910716517693
1.3544065211087652
1.3544390364679744
1.3545056275380007
1.3544709441175014
1.3544718651200205
1.3544108723324046
1.3543890569510952
1.3543558061538485
1.3543250719528503
1.3544142056673047
1.354605522813715
1.3546271673725567
1.3545112612061798
1.3544369133893528
1.3544759477451709
1.3544451712202068
1.3543913752027448
1.3544493924144523
1.3543850781566524
1.3543808224595073
1.354378857551518
1.3543528269168579
1.3543312500315925
1.354276210401611
1.3542488410432036
1.3541861918438225
1.354169422409455
1.3541393986266947
1.3541673547725843
1.354219263260213
1.3541164686522758
1.3541190800861023
1.3541588458796945
1.3541089066556118
1.3541244010955436
1.3540787573977764
1.354038516620588
1.3540516527341853
1.354100733331657
1.3541325483772448
1.3541873065247165
1.3541171158214032
1.354121352513403
1.3542090761039416
1.3542735605768716
1.3545013617974873
1.3545385940973056
1.3545826014186344
1.3545469059410964
1.354549033179426
1.3544785743087209
1.3544681038391608
1.3543623589868017
1.354465014447982
1.3544812131487376
1.3544774547814926
1.3544087070695046
1.3543846864576787
1.354125030153514
1.3540740672417177
1.3540099542081925
1.3541580774647142
1.3541039514038868
1.3540738720322831
1.354126485400405
1.3540998684843522
1.3540987765083192
1.3541276468227141
1.3540895392418666
1.3540298814409089
1.3539623203013824
1.3540107891088353
1.3539270393289466
1.3538638225977426
1.3537946434964252
1.3537426551890215
1.3543025353336435
1.353687342404116
1.3536882614008081
1.3542518890866904
1.3541865895106464
1.3542140344010938
1.3542054891696165
1.3541439397996085
1.3541244053139618
1.3540183653071838
1.3539881295583935
1.3533983363895938
1.3539792007216072
1.353989460006708
1.353472576603928
1.3535037111226504
1.3533157132507767
1.3532586068377814
1.3532385240074913
1.3533897507857218
1.3533098277890634
1.3533164480969582
1.3533050717129471
1.3532479057636901
1.3532569891546353
1.353244126532262
1.3531650716053263
1.3531308584546007
1.3531117638075092
1.3530752227304383
1.3531213415296504
1.3530978966604807
1.35305800833519
1.3529966234447262
1.3530237427573177
1.3530228989047972
1.3530331719338258
1.3530308159901303
1.3530189264060364
1.3531583404660967
1.35297938949516
1.352902582234969
1.3528520238306692
1.3529172117199413
1.352909877536229
1.3528867701746503
1.3529954327120035
1.352752719403357
1.3526774897440428
1.3528536785180134
1.3528400883248262
1.3528379201247385
1.352747237578379
1.352707515960698
1.352738931503215
1.3527236305129937
1.35268416714621
1.3526492341194856
1.352669598477309
1.352601859292619
1.3525758907996748
1.3525925685510438
1.3525508673283813
1.3525033476731163
1.3525517965150677
1.3524510647200678
1.3523976337260253
1.3523300402929386
1.3523430039947666
1.3523330230757222
1.3523964168967209
1.3523707992899519
1.3523567302455173
1.3522872246504252
1.3522303625725225
1.3522256426099084
1.3522507362527947
1.352278299436796
1.3522095886601004
1.3522657905990154
1.3522598246911004
1.3522018058900442
1.3522302373353443
1.3522455453096198
1.3522794453478864
1.3522090925331605
1.3521888716305592
1.3521619218364613
1.3521207273795348
1.3520901735317865
1.3521093623963845
1.352102744715086
1.3521251699399581
1.3520501423085132
1.3520762304163958
1.3520296681480977
1.35204532057209
1.35201715559383
1.352019559446111
1.3519906220403861
1.3519777496695378
1.351977391768062
1.3519401859418623
1.3519888933063549
1.3519657458933874
1.3519694342600288
1.3519394691792628
1.3519659567136324
1.3519241886920426
1.3519116870044063
1.351982989365133
1.3519096780930864
1.3519061333802687
1.3519182061867465
1.3518714850588216
1.3518850951883339
1.3519093936309996
1.351944943061326
1.3519833432020494
1.3519797220645198
1.3520164395878207
1.3520286318913473
1.3520363232684514
1.3519780273477795
1.3519947911822068
1.351980619844228
1.3519815082817752
1.3520177115326064
1.3520825468232132
1.352094187399007
1.3520373098655396
1.3520386344166824
1.3520722451713596
1.352060733766742
1.3521064791868294
1.3521008325638435
1.3521251189798054
1.3520969914235004
1.352051836585728
1.3520677579777227
1.3520525309125022
1.3520675824650874
1.3522070525776508
1.352187028958037
1.352191819223471
1.3522318895187364
1.352264082022663
1.3522627603679345
1.3522327490278712
1.3522628588945067
1.3522405386424174
1.352248414831155
1.352250627998235
1.3521621194239377
1.3521621220847826
1.352165356118864
1.352162925959322
1.3521218914015056
1.352166809599039
1.3521906438874771
1.352183835451514
1.3521491208593717
1.3520536674049903
1.3521113788951342
1.3521496999602347
1.352110813914394
1.3520615745077131
1.352043971682551
1.3520995883074465
1.3520928361240785
1.3521200247986598
1.3521420858484023
1.3521450974365943
1.3521098549589023
1.3521397397459956
1.3520971912886095
1.3521149145213625
1.3521347281391658
1.3521650869894826
1.3521505958047153
1.3520954241431602
1.3520990376524653
1.3520520196294215
1.3520241154789958
1.352039134597405
1.3520155805749345
1.3520002034498324
1.3519723008338098
1.3519699464071098
1.3518923419526732
1.3518757140466815
1.3518637731173857
1.3518967094813064
1.351903011387729
1.351904239559195
1.3518797546371193
1.3518650682819449
1.3518664662630915
1.3518472832544857
1.3518696678876836
1.3518482547679291
1.3518423890654192
1.3518760089882624
1.3518809352005732
1.351887815843815
1.3519067636726565
1.3518933747391455
1.3519143259397322
1.351908647437528
1.3518638473575588
1.3518370242307438
1.351864412075599
1.351828369922083
1.351798195963803
1.3517675455415983
1.351765049572704
1.351757310099386
1.3517650070705696
1.351753918320956
1.3517893509986774
1.3517509002746388
1.351767648008378
1.3517718901707092
1.3518044227716957
1.3518113073761433
1.3518037283353168
1.3518287171854375
1.3518590263288701
1.351824824131643
1.3517834623965648
1.3518253800620814
1.3518361651173927
1.351823222206273
1.3518088152098446
1.351805114442533
1.3518047907597153
1.3517525751292048
1.3517103768194438
1.351677217052144
1.351647327145104
1.3516569547958805
1.3516645399361709
1.3516772606396623
1.3516515756721927
1.3516600880892713
1.3516720356702776
1.351713159040089
1.35169262217468
1.3517251365139356
1.3517529055939888
1.3517227584432816
1.3517422612609076
1.3517453734202498
1.3517434103886974
1.3517589618909198
1.3517438923211944
1.3517686635584178
1.3517681646839101
1.3517525101744259
1.351780297756988
1.3517188436413041
1.3517151993335599
1.3516253579866495
1.3516544176915568
1.351689405720436
1.3516911804711065
1.3517574323180364
1.351684595149476
1.3516943808123756
1.3516910326593892
1.3517065507058423
1.351691241925827
1.3517199773637394
1.3517205123101275
1.351724801638846
1.3517819225504577
1.3517610396982263
1.3517475844138427
1.3518014938477911
1.3518165466430785
1.351805767032672
1.3518150605589587
1.3518410605007598
1.35185058209651
1.3518535114779175
1.3518641995289618
1.3518408150858716
1.3518057631459028
1.3517771233573967
1.3517851043419213
1.351782284691579
1.3517835752630245
1.3517733291453535
1.3517934919340535
1.3517961540060541
1.3517639475724643
1.351768177637381
1.3517829166181652
1.351820650641029
1.351788551025424
1.3517722372999954
1.351777230761198
1.3517563876749599
1.3517725496675392
1.351775841263586
1.3517769102851196
1.3518418005044823
1.3517636068508392
1.3517498315193237
1.3517755347412506
1.3517488199838648
1.351769896363663
1.3517424900308446
1.3517906413436593
1.351784554109452
1.3517771938091787
1.3517548851533692
1.3517326154529263
1.3517445734070859
1.351778592545794
1.3518100145274192
1.3518090655659634
1.3518424519187975
1.351845508553941
1.3518435276358989
1.3518382880567368
1.3518503613010295
1.3518327541883126
1.3518259724762023
1.3518325765544696
1.3518220054120582
1.3517728560416158
1.3517485412296701
1.3517802063029596
1.3517539585275424
1.35172368691905
1.3517108674091565
1.3517485360393267
1.3517714698852932
1.3517493335733404
1.3517563555317402
1.351725147583629
1.3517282825433592
1.351735408478893
1.3517091980551956
1.3517478281506632
1.3517615799658038
1.35175408768411
1.3517807846966212
1.3517725246728929
1.3517413933479785
1.3517411825629648
1.3517320684958758
1.3517518573022371
1.3518099445194247
1.3518351008049436
1.3518453835983886
1.3518570826687561
1.3518660645031462
1.3518840195328756
1.351880256166165
1.351898827330716
1.351928874152175
1.3519174624265151
1.351896430355983
1.3518982575859615
1.3518703520688917
1.3518684372851153
1.3518956526045465
1.3518997050343293
1.3518813097307592
1.3518586222117797
1.351820662763836
1.3518311921122823
1.3518307454697878
1.3518312597777464
1.3517974001242095
1.3517731799248653
1.3517353541907575
1.3517218251276797
1.351720350552751
1.3517132796874842
1.3517441523101157
1.3517445434535076
1.3517096449546093
1.3517000053119308
1.3516795307512928
1.3516670393079777
1.351677998592053
1.3517137511374164
1.3517034692228493
1.3517101394415645
1.351790294170799
1.3517860400013695
1.3517598010215395
1.3517558947792976
1.3517573831701368
1.3517435929447965
1.351714464523127
1.3517348706317804
1.3517225278098273
1.3516795049180503
1.3516566500312412
1.3516300023916858
1.3516298919863439
1.351635686239
1.3516274226735927
1.3515949171764117
1.3515761003298563
1.3515697038136476
1.3515662033879319
1.3515598040531887
1.3516685584457881
1.35167079322749
1.3516365903204324
1.3514595424947284
1.3514583103909097
1.3516446720318576
1.3516168762405973
1.351620160100508
1.3516109943230632
1.3516095940854014
1.3516174235050642
1.3516179151963674
1.3516076165723712
1.3514584996680923
1.3516162639497185
1.3514552385121847
1.3514377429643496
1.351421387192883
1.3515892210298095
1.3515858223375983
1.351571633979755
1.3515729190012653
1.351374570686205
1.351562133137833
1.351558035730772
1.3515453762589742
1.351520957623828
1.3515333908987714
1.3515212795901732
1.3514943354473221
1.3514865019681985
1.3514852467252896
1.351492481645706
1.3514922378441374
1.3515012419004588
1.3515065112615745
1.3515183605096044
1.3514888487382921
1.351517694516461
1.3514976444505706
1.351470548624622
1.351444273671052
1.3514747205417186
1.3514343477170263
1.3514504810426493
1.351377452332498
1.3513851624096986
1.3513703464272735
1.351357745338289
1.3513433275681368
1.3513335908307598
1.3514259220890854
1.3513355646585712
1.3513293288589143
1.3513488836444711
1.3513137592299924
1.3514096502399586
1.3513868760152987
1.3513662517817688
1.351344831443572
1.3512538025641405
1.3512625326197665
1.3512413139299844
1.3512488284378992
1.3512335142330387
1.3512321717334386
1.3512243388597387
1.3512304793549983
1.3512656365548201
1.3512955716449522
1.3512860987848128
1.3512953996549883
1.3512879155437667
1.3512928060517222
1.3512932298938716
1.3512914049322242
1.3512764852780108
1.3512940290825373
1.3512835129146914
1.3512942794077083
1.3513110071537728
1.3513333772484266
1.351333228596175
1.351339893414619
1.3513253169695298
1.351328178051638
1.3512846037939839
1.3512716587692233
1.3512630232679899
1.3512470852361032
1.3512214912650196
1.3512300046343872
1.3512278167338614
1.3512288763544817
1.351232402880568
1.3512534570011066
1.3512584021629603
1.3512041877739045
1.3511957774238326
1.3512298168513086
1.3512194514440872
1.3512133044012733
1.3511886439261034
1.3512064872152731
1.351196498791501
1.351184389194326
1.3512335339048016
1.3512475266363104
1.3512460212641915
1.3512528360675575
1.3512380596249174
1.3512283605562663
1.3512296629404001
1.3511941785350732
1.3511957065478635
1.3511933356936459
1.3511677433171776
1.351174793752417
1.3511797654483373
1.351177736973608
1.3511811020395317
1.3511864479891218
1.3512097666879455
1.3512076267840643
1.3512177562911245
1.3512002273068413
1.3511889324455901
1.3512229495736128
1.351181779178339
1.351178003105789
1.3511725051619687
1.351185704221798
1.3511235265069925
1.351114975756045
1.351122688316604
1.3511127331062325
1.3510887671295102
1.3510733791156717
1.351082974379377
1.3510927973523719
1.351075473788956
1.3510604323515671
1.3510635876560457
1.3510729476159167
1.3510534423664673
1.3510352100214549
1.3510126441945038
1.350984250517899
1.350977303472843
1.3509690975064124
1.3509617926521085
1.3509381646752106
1.3509554990744235
1.3509419320633091
1.3509340871493483
1.350926245365675
1.350914185643492
1.3509238744365792
1.3509215404877792
1.3509513027855202
1.350943020491693
1.3509423323767065
1.3509579457813237
1.3509718614473658
1.3509454798058906
1.3509466765785778
1.3509456473608927
1.3509517160317253
1.3509457478431928
1.3509509275556386
1.3509188933935499
1.3509050693671498
1.3509165948005581
1.3509016265818383
1.3509023812541419
1.350894477051386
1.350893017598145
1.350901100122803
1.3508862349584645
1.3508456787960395
1.3508106931197656
1.350863291401635
1.3508371992631203
1.35083672106475
1.3508478476618715
1.3508155639578783
1.3507842755510109
1.35076823177434
1.3507796770814515
1.350781200983028
1.3507683217254494
1.350754579527345
1.35074904073727
1.3507182093068018
1.3507444302326275
1.3507954039854242
1.350780267024788
1.3507895313841558
1.3507788159228293
1.350781431286963
1.3507823460906945
1.350803806359576
1.3507860072745488
1.3507771291802642
1.3507807154935156
1.3507086092475593
1.3506888844019207
1.3506518600596962
1.350629451252544
1.35061428216566
1.3506282169877253
1.3506084553110236
1.3506027401126495
1.350622512254043
1.3506239254995476
1.3506011005608896
1.3506018252873655
1.350593816331274
1.3506092894525175
1.350619795771096
1.3506500535834494
1.3506319476174775
1.3506289981122641
1.3506059727636222
1.350609431888594
1.3506241368001413
1.350645194594304
1.350634055646984
1.350619241271342
