77.2181236256132
58.814046427124715
51.87907631201667
48.504097624763595
42.61675777415563
43.18659756794806
43.277866115988836
39.88327625949918
38.91093091793399
38.01327876747835
39.29645068048042
36.35000118835246
37.369453399308235
32.84241614271791
36.34566567518482
35.42466924967826
36.50620661578881
34.95285930876576
34.59352059693849
34.73832255628766
33.571468125477175
35.56406000217181
33.75162637677045
34.39396822677555
34.13215257103262
33.86277785064913
35.15125952591214
37.08512235551067
34.78772552986803
33.049367548663305
31.818518461471978
33.535602932672894
32.85180175018154
31.465153766881407
31.524967080110933
35.53820490119841
32.369532853230545
31.43848442116166
32.02471340614783
32.25172555697351
31.64135053782466
34.08094545835834
32.65360904430586
30.68427635508991
30.92422856821386
32.725651829817906
31.80124185737346
31.526390670065442
30.290268230205246
31.237552949163625
31.65539503222369
30.862957714567777
32.05172505376855
32.46275865498875
32.148733657430874
32.2834624099286
31.874223207877368
32.199300333307086
31.55458357131514
31.54774858551693
31.385044350835784
30.96441438852402
32.158826945321366
31.074301001920567
30.447536284720776
30.234017259846343
31.54265317551237
31.478076023180957
30.66709187326408
30.165820124172686
30.53890030520915
29.85843800452965
29.928123876552885
30.604174371847336
29.390999723299167
30.80082963418276
30.678467118249017
29.63648817942173
30.175152846024115
30.32928224865376
30.210760158237168
30.539956058697694
30.380087981139233
30.280049239532772
29.294983650198056
30.30045408069871
30.396309518548254
29.940560071953108
29.819833349468478
29.153913977304853
29.034247262839852
28.945091413059853
29.706114829888726
28.79487550464254
28.70927885193221
29.55443935489065
28.97945791241564
29.381439547502964
29.89321480231773
29.87045432778407
29.91668185710958
29.834417638903687
29.313996292508115
29.562228667627846
29.444894555926
29.28631115822078
29.128999093529394
29.691540805621813
28.639815797990853
28.948575636248705
28.922594714878336
31.789400564035073
29.632075904602605
29.370505704518052
29.248001696833015
28.742252009503822
29.458470638982014
29.417397626178246
29.278823523198657
29.146118300253228
29.087779527890408
28.53661599194425
28.263285441865243
28.877264350718427
28.81885198929607
28.72403272900397
28.98438722940266
28.361064653054346
28.95695718161423
28.892533302889934
28.79720202375717
28.266949251106148
29.10187800214361
28.956736715946935
28.75320679378669
28.851805150298024
28.694473223207396
28.66679198681927
28.625482516834786
28.05031587206974
27.99797469607854
27.94950650748071
27.90756192330164
28.80682488935493
27.860299320266773
31.15524771363358
30.991970669389087
30.958551370741816
31.169043364677286
31.01050171657839
30.860147272234002
30.51375834259051
30.587685239592496
30.472965010590478
30.37138628419133
30.366162684153267
30.230776582330087
30.120298111548863
30.024832539268612
30.54448086272524
30.343891425847872
30.234797119492285
29.823901324102042
30.33427633065313
30.227046426968457
30.027008997291595
29.619151528734573
29.942952314899355
29.263091700732843
29.409177966417396
29.867550596062042
29.32915038068533
29.267481256889628
29.691172976530105
28.277493892036734
28.213299893359043
27.69959316264479
28.344826096378377
28.105105108810502
28.081030447477698
28.4179305401139
28.07070035595164
28.102425049306248
28.04083510668484
27.759760269968496
27.981099809072195
27.930132171296258
27.679545800454548
28.579774954549805
28.17688134511966
27.627204575954053
28.271575629168098
28.492243576164984
27.802704940254788
27.919171948802354
27.923724452840474
28.00386013399143
27.50525657517722
27.76158086707132
27.70573029953025
28.21780706473752
28.33850002091185
27.894267150278257
27.618624632206693
27.814438796829634
28.25328871479884
28.170988057116606
28.097604096792544
28.0296036426694
27.867931996015347
28.182519009914454
27.871093103687343
27.815671895707748
27.762586737690377
28.080090208824114
28.014122419890693
27.832227150565473
27.13088754847442
27.726090223869186
27.85468668747524
27.306619177605196
27.573020984799392
27.263312430315757
27.226082845710426
27.188243459661894
27.148456724499287
27.538985989006637
27.12914573672646
27.69827317621
27.706344566399338
27.11626917779433
27.6309307155938
27.65445609000739
27.700339603290125
27.15668231732439
27.12788098892541
27.692190886926383
27.1980754815531
27.28119771358133
27.557958856934064
27.504502732463063
27.45404126465418
27.404047312345483
27.36186226181523
27.31435904262506
27.218870225317914
29.817002677079056
27.132451422622427
27.097397641782447
27.544025546279958
27.488120821606792
27.43558930522755
27.385845043229523
27.338746123560586
27.295088984393217
27.2455446829015
27.208366128544043
27.175844759133703
27.127068414676287
27.087367352924357
27.052229513760597
27.01988433174643
27.086491419532376
26.996596498507337
27.15919438611194
27.12703936010949
27.30477689329739
27.091773710702796
27.072118942628517
27.053260866709625
27.032787726793345
27.024726162325795
27.006005625991058
26.72362084996764
27.038978681589246
27.007615588192422
26.976448957015283
26.94129745300218
26.936746688856278
26.90553954465709
26.912950205990665
26.8639695087583
26.950910351825126
26.842663062456133
26.807580476390488
26.784001815656836
27.010622661910606
26.97896467396455
26.94687274116682
26.915524401785525
26.895883019481122
26.868506246675913
26.833380525706954
26.80631685449251
26.78359125389728
26.757051299096673
26.724748753671033
26.752233566757464
27.514282613707433
27.475784304426796
27.423286051867834
27.377355048373516
27.39893987045266
27.355817076155304
27.306821272882395
27.260879639419883
27.22764916699115
27.188744466211524
27.151319382655963
26.948673144732865
26.967110509820124
26.785635421903006
26.760138957623184
26.937690265394288
27.161271234120377
27.121554704262344
27.08870591681568
27.05704429338196
26.871139839031546
26.910325698415445
27.294375178303127
27.26078542491133
27.22929883827349
27.507200439345745
26.92113736360728
27.200069518178935
27.440185666125586
27.187190087990608
27.43710905224522
27.387898361631436
26.80168393349164
26.85336754635554
27.407724484929158
27.3593455734634
26.66664697083814
27.022310924726177
27.088720155404573
26.7925920725946
27.008869800913583
26.991523059490586
26.99036136334051
26.815690978977184
26.759010438357585
26.734637747043422
26.625197872325895
26.612239885303023
26.96243012826399
26.60988633422262
26.595127437688276
26.587062135958917
26.57926641662108
27.349409430105478
26.783607217535483
27.116468148674198
26.73548772891456
26.914508049838826
27.269849724189623
27.233858599172947
26.888583205774566
26.86509165638823
26.839898520069667
26.8147666217093
26.790612212613887
26.771285583714473
26.750698724057706
26.724679591443653
26.70295407962475
26.679807479770602
26.663391743289534
26.637648293681384
26.61997852160025
26.59268497550165
26.577271013210616
26.55901948769678
26.54398999789659
26.529519278272282
26.51380754861986
26.491589286038
26.475073890378024
26.644901637852477
26.829113107857573
26.705489911837887
26.68845384376085
26.670083228453763
26.65252983397778
26.63187892733105
26.607469457566157
26.44602220032303
26.59705914786799
26.57662203085404
26.563704328838345
26.705219079341862
26.621339151543413
26.600584223913927
26.581677289460153
26.56730243315666
27.261082789006377
26.683770218871004
26.663177569372365
26.644232828176136
26.626241262174123
27.225466548318007
27.19087840280592
27.15847490282298
27.127195485645608
26.60719821225854
26.58837939692642
27.24145592187775
26.5550159582978
26.638955943467973
26.621883248022293
26.547985655067656
26.530705659893545
26.512496269070596
26.49366169857875
26.763370503150817
26.60211775585697
26.737416065864334
26.544321222520438
26.532879226776632
26.523151597399345
26.411227847739873
26.39458535821385
26.57633112027177
26.71108908152011
26.691923438392433
27.06380789096325
27.03788213228411
26.56316430751647
27.019726181757445
26.557270073801202
26.96594333190289
26.937012823944148
26.499647445041564
26.67946359915415
27.190466455560085
26.48407663994159
26.658057791130645
26.512886267262598
26.469101644972362
26.45284398108238
26.44993877409996
26.437465096917485
26.424013605795352
26.410461084824124
26.397269742286817
26.37340040120064
26.361813485509483
26.34806956227065
26.573919620088766
27.179804639107267
27.17320526276317
27.143801465412473
27.119000984011528
27.095412669136223
27.14128666947382
26.57977360583699
26.68321099991331
27.06702691717149
26.583657492700837
26.542825522515567
27.098562986323202
26.564145803436904
28.543760220397964
27.070334561439633
27.050838225533685
26.538894628269876
26.56422654379251
26.552945181852106
26.537918445363584
26.532157397660352
26.528333060693047
26.532667985663778
26.745293618586583
26.737425309801317
26.728486928382015
26.72240774991386
26.706437336477695
28.50814588622313
27.093319208188703
26.441853727357845
26.982269438745412
26.956356039263255
26.935048566751526
26.91177747256657
26.892268386264256
26.668672155292366
26.6551782976403
26.868306008167284
26.848787102602284
26.562667625173745
26.838917045423262
26.813520599341498
26.636641956215648
26.63926917315002
26.626101274157357
26.61874744599144
26.444627284362774
26.96210083592775
26.373311236946478
26.434311721502787
26.35812548029126
26.43315157596512
26.423683776369174
26.913780432500005
26.59993239660862
27.281909344005243
26.59205031261394
27.272535535809624
26.540342782262567
26.528132125007776
26.97698813431381
27.25194737490783
26.544653254251095
26.5345890276144
26.94227214869203
26.926222248230363
26.907421352127223
26.88968616317622
26.880869234305813
26.86035516885736
26.839397414934396
26.81872336862277
26.968708811169247
26.591265994236018
27.131181009060743
27.10379245659546
27.081641274022243
26.908875357911217
27.127840726846685
26.35884636710772
26.34701896190123
26.336151733329956
26.324739751562372
27.241386256652056
26.31891340577718
26.307017517578625
26.54512122419225
26.53010923908115
26.515520184713374
26.50088162773532
26.49348712168903
26.4798167771244
26.468289979618934
26.458606077918457
26.44888493615376
26.434454912650004
26.421323852404463
26.40953909045597
27.121418429440855
26.394051888400224
26.57708923473037
26.56288445773684
26.54704870899603
26.534053501287236
26.52234127250662
26.505739525020246
26.493040661183574
26.476055917262677
26.468829198180465
26.455589192125316
26.443169375563624
26.380256694731425
26.37178967518434
26.362838223863985
26.352140694966575
26.339075053243675
26.330296962111078
26.322687605116325
26.31144185756645
26.300723843270053
26.28728837294306
27.07236646253562
27.050585714490502
26.436222497500566
26.280744029821363
27.161695002296184
27.057957010554457
27.035722432979195
27.012358809321036
26.988465517521398
27.12455302485153
27.01548653469904
26.99477489894553
26.980680079952965
26.279834671172274
26.270634821936547
26.263636416299555
26.252925372009734
26.247442321650144
26.246270108645938
27.157142569097388
26.237767561555835
27.137794806097926
26.233401532513795
26.227138665773506
26.448655866536022
26.44567851505684
26.434081731355462
26.425434620782944
26.416405306011193
26.40538769753281
26.39159238838303
26.38292951084979
26.373337801392825
26.88916996968143
26.871492184192217
26.364355346966413
26.35475707052787
26.34498273719509
26.337305084587086
26.33152325130175
26.854213058845676
26.32338950208496
26.31794687472885
26.31083667727997
26.983840285533777
26.96492082277866
26.94748748524446
26.92990098355546
26.845541677703626
27.182258153481
26.838685725351464
26.81099712122925
26.79380581024902
26.77973582868395
26.76362671063746
26.749892083129346
26.762722548302566
26.991841325538513
26.82912711603719
26.819125187236896
26.733160740442802
26.719212570568878
26.709968656685703
26.84939152229699
26.710723273868208
27.00971878625864
26.990106258311904
26.969887394828767
26.951446855023306
26.931350109334627
26.914192303703224
26.89624988384185
26.9058277944526
26.889304378065095
26.873179201188176
26.85688890850466
26.97213924789991
26.950953557187134
26.933556232491764
26.91370029597499
26.894885460327107
26.87532408151641
26.85635290397331
26.84178723072437
26.829683092607493
26.814131056658464
26.80068907126158
26.788660701757152
26.77284089250238
26.75815778244504
26.747475292765397
26.73221385431676
26.71836516996661
26.70501504120493
26.690932690211515
26.679112318635422
26.664616736066247
26.651120474023266
26.63904668890878
26.63306966021772
26.621603083829367
26.607432895786957
26.59473030101306
26.586176434039412
26.57398601952902
26.56415628276643
26.55383903906405
26.539942906554916
26.530108362682867
26.519387550022262
26.519184854340914
26.496703022332465
26.496993010197965
26.48638966907357
26.474831702462254
26.814170578192304
26.789793763740906
26.843240719290286
26.44756467219382
26.796490548894923
26.78047686414679
26.878891917754228
26.863967909356386
26.84680451755318
26.844646004644076
26.82953277576457
26.814259090991033
26.825350771281844
26.77965570813133
26.78235603096707
26.768848130368365
26.774222180578334
26.761622591210656
26.751343631981978
26.761526433316252
26.75206250913092
26.737603207687574
26.726453482509665
26.70055584649326
26.69513301345168
26.736532012364357
26.68141255321768
26.673907805851655
26.29314179548146
26.453855328746616
26.43209714313494
26.282873464764968
26.423493665009033
26.415596171717155
26.40311292068112
26.392817619303173
26.393573315914594
26.38555503287046
26.894987695732986
26.890509275917616
26.910151788677037
26.90537812064651
26.890464644411388
26.876539200134715
26.86191628386851
26.848887137846532
26.834445845980802
26.824631322336813
26.809980775313825
26.301227553346276
26.37604854522177
26.360926050158415
26.795803563536715
26.419348556636642
26.409971691781365
26.402679864205933
26.394502857076354
26.38605421915173
26.37411150932862
26.36608492695418
26.345089119787723
26.348520137620305
26.339857346270577
26.329527840245504
26.322164001537015
26.311997576062247
26.302788890350215
26.29121104814974
26.2838441632982
26.27786366350236
26.271533718033407
26.267100541485206
26.25709650081509
26.25081506491546
26.24501828041887
26.226385954736504
26.227933919752633
26.20447772402312
26.205648545283573
26.198485554445043
26.191406993653473
26.186732424679565
26.180358545142283
26.17281103377625
26.285542320715216
26.276194487545244
26.267014862930257
26.256973615362263
26.241567781865108
26.234647216613677
26.23218800843261
26.36147140534566
26.62736481773674
26.710027370017528
26.231988136184594
26.70098137904502
26.68969098106391
26.165963503875304
26.157214790871546
26.141843534830112
26.133005616384928
26.124998629585686
26.120586235857505
26.113329350568232
26.10526850555792
26.055774721303415
26.05082408388615
26.04585489889341
26.040648410277406
26.035496393673316
26.016080933633905
26.173386381843727
26.216070056608967
26.164405306860097
26.157776426709773
26.15205164713542
26.146369401354534
26.13913146377683
26.13354852635655
26.125276358119688
26.118896593270954
26.113673793612186
26.107174771131966
26.10076132442264
26.14047419302001
26.087654699578923
26.08092737811313
26.07655542617601
26.0754955086817
27.06928099030228
26.06873019305359
26.061337063319957
26.056153949438727
26.04757515020074
26.04522559968568
26.766453711453995
26.724838509561355
26.059155406258313
25.995594164168995
25.98999181822059
26.756637752589228
26.744374051337783
26.73513937134386
26.722226136099476
26.709425061153183
26.698358669009192
26.68428098428919
26.628207409047626
26.61990793766927
26.607600043906725
26.596101223901258
26.585587293035093
26.575109542143636
26.56350738557456
26.55323042662211
26.543735846400068
26.534792507783067
26.524753833770315
26.516549459277734
26.507983297919587
26.498495956813073
26.488349363706185
26.47824531090345
27.042880910692237
27.027193727666646
27.022554459201654
26.46539502273521
26.002825081725536
25.997455599037558
25.992747718411493
25.988416920001143
25.9823925033785
25.9779481693388
26.46404602868252
26.45642385209147
26.447211326451
26.43658809458608
26.425917295696888
26.33368223395921
26.32356672087243
26.762362453075877
26.750995365632157
26.414997264470575
26.406970812573924
26.751441721002834
26.961745669021465
26.394470488753075
26.389751653868927
26.73919812280208
25.97990682692113
26.32482096831953
27.003958198950656
25.975860027904307
26.629038090182707
26.619764471095543
27.100373518516765
27.082901796780405
27.06535483567104
27.04660493145447
26.807051185854156
27.03634309311264
26.790881659731607
26.98010805396629
26.96465074517431
26.947688714484602
26.93196615104951
26.918301510843797
26.900786784452784
26.887716443893396
26.874204718163686
26.859676921130617
26.845293515322503
26.83108361905129
26.817835566277772
26.804389331299493
26.790857441282693
26.778202626554418
26.76465668675431
26.750435694255668
26.739016337406433
26.72761493232532
26.71640031060028
26.70492185320033
26.69539082865832
25.989706874284856
27.01962743158304
25.986662495960477
26.59760092571282
26.587592585588304
26.57797503044547
26.951701667965647
26.561458412882175
27.002476790296885
26.99325890266201
26.646670713919985
26.97651786016011
26.963504270817666
26.94994570731712
26.93637744377609
26.64610740566911
26.405824811326717
26.64820205109566
26.602731880984397
26.56578229119429
26.633472705468705
25.9952304947723
25.98919819589668
25.983509638868686
26.687556556638704
26.67479002587429
26.66385267749335
26.654317161044588
26.64357851716039
26.634056539716745
26.62352886096253
26.61116095680329
26.601392036229914
26.591668473512605
26.581472712894033
26.571704138432363
26.56182016755842
26.55140058466196
26.538732696406804
26.52969757288152
26.52180161458908
26.51355652562669
26.503574320477746
26.915916116541705
26.90173107779331
26.88823038242301
26.87414023592193
26.860495278693932
26.552855097491946
26.843384627898818
26.939745254350267
26.550071401838622
26.53947779884265
26.53145791121063
26.522059387942765
26.512579493408033
26.503286933209612
26.930738300749294
26.917657773215947
26.90476992985158
26.82598187642119
25.99339359576359
25.98509329456343
25.97949005124921
25.97395966540566
25.969937003486663
25.962757738325895
25.991002730492305
25.969005893656718
26.461528322342
26.437376638386656
26.41546704031101
26.433213426218355
26.411527511287627
26.39035030378006
26.371225116754452
26.713673231850525
26.32716318130032
26.304135806226242
26.28265891545603
26.262751069666358
26.24301396908799
26.224557244005705
26.203213276838255
26.18183896483657
26.161775973150068
26.577961194348493
26.553794944255706
26.530331466750138
