40.12638721514917
32.31654630964962
26.481998724414687
22.369723666131218
20.62122891378671
18.92903903402907
20.393581457870546
18.239610836470035
15.762694439255958
16.550234711061005
16.693876159437767
15.467099369503039
18.42949258960584
14.04432298069181
13.992092404884763
15.177802405626103
13.88878349919238
11.447216115902929
10.34782501615862
12.446144335988043
12.999296064519315
11.964260027051457
11.377966016733012
10.56412233827889
11.595021869368287
10.421009020135868
10.002487808272049
10.602216873101778
12.632508721863257
10.940101948228842
9.3939544452281
9.289202221343068
8.366690548639827
8.85262481574175
8.605974276305986
8.85266579716102
8.514747871749409
8.387545784461127
8.190285841121556
7.999054355819179
7.567749343629605
7.831271039404306
7.671577397353611
7.215547008501888
7.312019792139278
8.103281762387075
7.9089227142686225
7.706209335960851
7.49420993226906
7.369075789729174
7.238988358219265
7.0667510601721295
7.696043319220947
7.087092703645113
6.98528123257216
7.501114403317001
7.05199762737221
6.990346356757423
6.887611345261302
6.800339623383247
6.713781668187821
7.2532402779696294
7.097145651327276
8.741292495227778
6.928713853759284
6.824763965393139
6.416998195399905
6.843317703108683
6.756624638370967
6.262104691975083
6.790723241448485
6.803001893640222
6.71062257737614
8.591780699402406
8.13944135474099
8.491388201419102
7.940241112513524
7.828351883698891
7.635640992549433
7.544579306899373
7.742772792907024
6.373257412555392
6.313248068893483
6.261610178620253
6.757586957264578
6.718469281861331
6.637673624569904
6.563932125860828
6.5955781290509625
7.838113925699047
6.4704769618004585
6.409954500166661
6.412549816621799
6.325144232403527
6.280726609644276
6.277129669726301
5.939405874876988
6.224308071176997
6.171472352839569
5.8482948736627
6.080552412969881
6.164095292855292
5.780072998905377
5.748186107521477
5.713911863257307
6.092980587593836
6.431167121853848
6.365836223523114
6.324417529463749
6.270951269223737
6.21515631527575
6.163431354479429
6.11604116988965
6.073200902080987
6.362979856771259
6.473123561848703
5.943865232076426
5.510428922350102
5.885230731360842
5.465708134665023
5.907100334413011
5.4268034733551715
5.837426693972181
5.383629744782498
5.364305766099078
6.270110914248347
6.21649225687967
6.164762523162062
6.11574219327826
6.068431992766973
6.186383562209118
6.140064552153278
5.811758026488993
5.780946117043338
5.747604403585845
5.8417752727506045
6.144491973302899
5.779484157228368
5.746334607012033
5.7187217288887675
5.693639134586673
5.659367308248903
5.632980645548479
5.994361645098435
5.952578661739465
5.914973660946257
5.645107372922062
6.229249417590928
5.593904712425762
5.982761238180702
5.938835169033881
5.55613113081169
5.912292362938156
5.55006938850895
5.513617055921504
5.492321893557515
5.8674463516434905
5.835028676749501
5.805008852228487
5.775155393166235
5.747171547983773
5.72154659391272
5.692338717870448
5.665718304697541
5.6392102331784395
5.613165078117535
5.589988797490469
5.566393701389518
5.68983120231828
5.66347876557205
5.679967707900305
5.441142564290306
5.4217716940764085
5.404213369701138
5.3830318745852805
6.025046971416035
5.9895254479296245
5.9560410207475645
5.311535762707669
5.970255978074268
5.198036802568566
5.183972903946945
5.1676858688077
5.156022285034945
5.857139703972671
5.826269888344217
5.796692087565467
5.7692716522905
5.741076431641937
5.7114792782256965
5.686300088668569
6.085631876711217
6.049604918265987
6.01335509632038
5.829545267708702
5.814051912901791
5.652726193132079
5.9656146341404845
5.930707186538511
5.355484715109568
5.869715963445987
5.841164029616207
5.810633115991146
5.323150272161895
5.309371793379453
5.871570716516149
5.0825963228611855
5.070499622128424
5.059904649917172
5.840188734711751
5.813520365335336
5.268070584673041
5.253918476666624
5.238651900768027
5.2262010492527216
5.212288427098652
5.197532580891456
5.024456363471278
5.013315771630804
5.003210984170084
5.430695457021282
5.148678578330315
5.133432899826293
5.121913024632713
5.110967250298364
5.099672884190357
5.088350309788393
5.078813358429328
5.067983619674656
5.057085127548372
5.9013983501036975
5.872666139412763
5.847634140210777
5.023184795517136
5.0144537613511515
5.642932446981057
5.615242158623775
5.869750030211291
5.9552485550663805
5.925765725626389
5.8980974246109135
4.957489369162492
5.590819185154947
4.940132050294308
5.55392370104456
5.836428153134651
5.808748380381059
5.784557325556443
5.759864609185511
5.797288757624968
5.773042828882966
5.749851671471442
5.726301637454496
5.710172514757995
5.688616239852406
5.003622511262554
5.88200334626179
5.743380464254633
5.722555413933441
5.700257068076126
5.680037898358198
5.659557485594139
5.639163802103238
5.509957520328522
5.603033287968606
5.479244908788187
5.463908848356317
5.447424948473694
5.434155288104178
5.418456901831126
7.4891518503259356
5.350548164074012
5.336087253487105
7.588358994826917
5.554103221826778
5.535744761819281
7.530011602487262
7.487553034200493
5.488920358465541
5.47449901413941
5.45901007415014
5.444151454810953
5.428545610726959
5.413262226972451
5.397884625216905
5.384288832377684
5.3711919172627125
5.357143187947989
5.345608747382851
5.332856704604907
5.320491271650522
5.308805815276976
5.295627223443436
5.282101809832522
5.8664120031008995
5.842639121621842
5.8207594328803385
5.7978640987494
5.3261724093235205
5.313698219370762
5.878597352343346
5.8546311040567085
5.83029782267548
5.807829367845017
5.785801359285068
5.764596350821686
5.742897152272841
5.722562948632938
5.70328667367939
5.684271957669665
5.667023528945829
5.649977733983736
5.705870120811413
5.6874050449921425
5.670050574903234
5.652620880006383
5.6343598514749615
5.6178044036377734
5.601423557748516
5.585843643558491
5.433862562343306
7.542746314124505
7.374471904494302
7.554367747814079
7.309328409058367
7.277988195095408
7.247960577197468
7.219490362199827
7.189083566437097
7.1612951651566
7.131428974101924
7.102627380792094
7.076001777757394
7.049018159067747
7.022924198940683
6.996645557745433
6.971491790758776
6.9464786458429675
7.218751978324127
5.549304050184551
5.533613498918728
7.172733013986615
7.148658181689565
5.495820820426162
5.53063581530915
5.515710558829653
5.502757525533224
5.489593133166284
5.47543826061082
5.22419491952687
5.028521943745938
5.186986313654598
5.1770475828962255
5.168587918167649
5.159714101650001
5.148883997794736
7.087922004799359
5.443205014831015
5.432549523318704
7.038109548581377
7.014853896645211
7.130624707185493
7.108764374635246
6.963854198648028
6.801268176450023
6.780481497767435
6.759752177148908
6.7381413673809325
6.718093431393779
6.698898922037687
7.320106348673442
7.289959089505105
7.261807674609724
7.2350322138077
7.208173037885167
7.178370348724857
7.1545965449248765
7.128242494262888
7.103310082175775
7.078724827029987
6.497489777450364
6.480625135467564
6.6986719630250855
6.678504946871708
6.988632720029357
6.966111950140404
6.942947606526465
6.92051685011162
7.136787661824557
7.111331271332039
6.856946958284006
7.062957198931929
7.038725212231031
6.796547049772792
6.7759525309343545
6.756611442209012
6.737495902107911
6.3232516162455195
6.309545217637098
6.295254878339405
6.281238325577877
6.268066369432441
6.256160147373966
6.241597922116971
6.140991500052639
6.643779380468136
6.46640965174236
7.029688384119981
6.436719215339297
6.985422405012799
6.406568855080346
6.8679775389407265
6.846148174588694
6.82483172995623
6.804571645381315
6.784667995011085
6.764724433935418
6.74584019127446
6.042265562274618
6.031081786935693
6.01950475869144
6.107428340577694
6.504240090110406
6.486896094928702
6.471047912252499
6.455707473269181
6.440350839037805
6.425705305816817
6.088398484276307
6.075998056587439
6.064363374804807
6.052156052549825
6.041451341392577
6.02966015330419
6.019060385481028
6.655944386362264
6.010982559136957
6.6319180998697655
6.6164049134502285
6.59700357749646
6.580245322478542
6.564520893581465
6.54769556900035
6.53245674983561
6.600095444272647
6.50908616671412
6.493871879209602
6.478896880195609
6.121526474740459
6.109446972312976
6.097920743298936
6.085166419981119
6.256833167772321
6.2437007623731215
6.050263469325352
6.039988695402848
6.029564239892229
6.01930802001187
6.594418523512811
6.576987532683928
6.560169184213296
6.543710204264285
6.526648495146695
5.97108868273904
5.960826352639133
5.951511757616678
5.942444731867745
5.932795823240148
6.1264938944187834
6.116645098210614
6.482608532091979
6.0946143280350045
6.0831202184399
6.517297519642904
6.501422469831243
6.48629996285957
6.4709167385836555
6.455778955332969
6.441389648036837
6.426509191159005
6.411888929488478
6.39673043091395
6.382315557806281
6.369058845375647
6.3543552229107165
6.340308783075142
6.327201884635303
6.313082978711199
6.300515607566986
6.288456828360935
6.275551210431508
6.262923291522792
6.250759665138684
6.238964542496276
6.226953954137587
6.2143814389761864
6.2020970352046785
6.1908050990537316
6.179275306076509
6.1683171958766625
6.156503362173964
6.1448690968162385
5.777125100745632
6.121194776044069
6.110589832730546
6.09983026128821
6.088990312134184
6.0773998061217736
6.0656547514479575
6.0553302102926745
6.04470286372192
6.033753243583389
6.023818220971422
6.359017527596519
5.6889254917863195
5.682170281000542
5.6747114860029395
5.667068711416253
5.658614383635698
5.9882808018321825
5.645139909434445
5.637219574899848
5.630147890190664
5.6233870884843205
5.61738988540596
5.610036619423398
5.602448921859781
5.595515660958915
5.588219697407724
5.581345504332068
5.574925657509431
5.569111921738356
5.562707921622445
5.556380171582266
5.550272925839782
5.923471468381687
5.914077972507314
5.5304639035885
5.5238861629948115
5.516392861418553
5.510232526447168
5.504062697755441
5.498395233128649
5.624660501686669
5.487229088562721
5.480965490731187
5.475032366906781
5.468718783675071
5.462375058734535
5.456149516489804
5.44930547696547
5.443878278370766
5.438520498271328
5.433455761318509
5.428294675587106
5.422988862464646
5.416867427433948
5.410784294723767
5.40552746088762
5.39216267159762
5.3948299435244875
5.390346222854961
5.375982723193112
5.370867344852187
5.365461663860078
5.359785489995316
5.353181202462308
5.637551867480965
5.630370058857366
5.623342863722844
5.807757955811188
5.79996067157772
5.791719511095413
5.7834835878655655
5.77660432592619
5.768171001247324
5.760296843938372
5.752215748650037
5.539791199514112
5.533417885961987
5.527264814198515
5.725280285105962
5.5163599064129505
5.509882789689076
5.704183029753734
5.750162722480334
5.743146937438942
5.735786471920239
6.182893796955135
6.1717884368762785
6.160212620262571
6.148416753003497
5.6974799469920745
6.126056369984935
6.114923199987394
6.104155558344026
6.252951056012183
6.066561524258558
5.2987028498009465
5.294255528843583
5.56896088046659
5.28570758390682
5.281461643177536
5.55715175742507
5.550819872304631
5.2680151163912265
5.539709626910834
5.260814601528969
5.256334538020347
6.0702952744089655
5.246835072820697
6.049497083480059
5.473774195426931
5.520867349672086
5.515487307294998
5.509517168547345
5.225838383343029
5.221528683946993
5.21688633222388
5.212683672694488
5.20832191628607
5.476733026109524
5.471009222615656
5.46019637953522
5.460129024813492
5.454873438176988
5.188984106279524
5.446329120770315
5.441549149711713
6.083212078335058
6.0726672058973
6.06365048504133
6.054099294131355
5.428747740854476
5.423388167508178
6.039923340126494
6.0300503481224315
6.305157003530784
5.407141745381077
5.9859511176457865
5.976476305772752
5.966990357604666
5.391128870511155
5.38578771447774
6.256859610646463
6.244806194693743
5.416134115521886
5.9505337539429375
5.405351380281264
5.994296998132092
5.166994305631158
5.1633599051965025
5.159601224223862
6.143731351511739
5.395486654256646
5.148513532130294
5.390996710602521
6.206601828481636
6.194801471961242
6.18309896701246
5.3835065323918565
6.0557284517828895
6.046038034597761
6.177100514305168
5.364782269472678
5.3596693315450175
5.354810237526183
5.34976665364395
5.344976156553225
5.3400497030059855
5.975026190918117
5.965740175075036
6.139905345274484
6.129441049894132
6.1183181044922375
5.958692693793902
5.948145838806601
6.149801360174323
6.138833163661349
6.12876197671489
5.928566905241489
6.1081457495443265
6.098335247329429
6.088445189952801
6.078989087606005
6.068813961258198
6.058944835099393
5.872886578936608
5.865038717443305
5.857663209827605
5.849734344789049
5.841590543039678
5.83443520778698
5.826362487811699
5.818522381543895
5.9015303912579
5.803290186806391
5.795391118418545
6.068819538122738
5.933865645203282
5.876239856480234
5.77006762493007
5.762628014187731
5.755129949297506
5.747862958385621
5.741453493274225
5.7342238075302285
5.72756862699782
5.721520227422992
5.71454990642932
5.707645648882429
5.70076501361357
5.693743838601892
5.687795453462709
5.681473745764626
5.875495279799996
5.867202420944641
5.8592975671351955
5.851515745340604
5.843446515302371
5.8355655425013575
5.827522325739908
5.8205206303794546
5.813011111668738
5.804661307893275
5.796715948393873
5.789733713721386
5.78276333014999
5.776018106217472
6.080453403226341
6.070660327214255
5.7656330123839385
5.6119839298445156
5.833849697797728
5.825945114684551
6.058123387661568
5.750538250713444
5.743578853788598
5.737050516809913
5.730224257652316
5.72271761467599
5.716359402449805
5.709229114057868
5.702669421373281
5.094676093416119
5.689224245528587
5.6831064205504775
5.676814273198566
5.670695443125303
5.663987548860938
5.657486245441137
5.772817851686327
5.0743552594385655
5.643039558511822
5.63682106868626
5.064078765180729
5.060650306817674
5.057106967485106
5.0539586122430675
5.0511245832260165
5.591449122914142
5.86501587410574
5.857737189752881
5.850260566993685
5.843252488021194
5.835416788545614
5.828498443001136
5.553001024025445
5.548101920563687
5.806456781663015
5.799428916952918
5.7920577278447904
5.785004865475101
5.777091400093137
5.770437386808477
5.763827186545376
5.75693948655035
5.750192976675413
5.742366556731343
5.735329719547222
5.729546049965789
5.723299385032648
5.716749873356792
5.710149025504376
5.7027525755681046
5.696011932490341
5.6896703089380845
5.6831374159558425
5.676855677060112
5.669821734434669
5.663416831559308
5.6576887418987
5.65158555434701
5.644899167602391
5.638699657839461
5.632544246505112
5.626485778270237
5.619758477213127
5.613858478621664
5.607994626277771
5.602284900361187
5.860073280938604
5.852767597297486
5.845835823488363
5.838352416150839
5.830749763428079
5.8238062562557005
5.81671455319177
5.808630430628871
5.801781151923553
5.795135395812184
5.78813531959263
5.7812136091595825
5.773700560008451
5.766288414544654
5.760084949682978
5.753190366899783
5.746562755911703
5.7402532549692
5.733177901737753
5.7265409413125985
5.719830604062794
5.712932310356608
5.706170302673375
5.699739071581943
5.693567776434196
5.687221344492889
5.680835972891906
5.674876109147182
5.669160488909785
5.66318669567621
5.657363553928188
5.651115207406337
5.769194220888358
5.762683158447927
5.756178505620611
5.7496914664965155
5.742814400990839
5.736208828502718
5.729589789848886
5.723941803996713
5.717074583474258
5.711146900489229
5.705354779770867
5.69939518749566
5.693203094721612
5.687198876342834
5.6808914187154365
5.6752319476954645
5.6698064396614285
5.663652006265675
5.658213415316522
5.6522807635337315
5.646208571256117
5.640502764622677
5.634253769808569
5.628610048421869
5.622852728355939
5.617252420537297
5.611826724918558
5.605841567843269
5.371087038436888
5.939253423295738
5.931659631634822
5.924026131692833
5.915704174747929
5.350118577708781
5.34565594585479
5.340846748302108
5.898066591452962
5.890277150252339
5.3300442570783
5.326406648675942
5.543304564870314
5.916980904909692
5.876843012786672
5.901584870248751
5.893669048343999
5.579040170511297
5.601817932905167
5.314773665473722
5.590744159511846
5.58525889208447
5.5795195308086525
5.574255287164446
5.569073382538625
5.564095444470021
5.8573018460051225
5.849995747054603
5.548649337268924
5.543686368586215
5.53896471335456
5.534095516838387
5.5293823565674565
5.524465529858261
5.519528347235464
5.805671300166732
5.79885147642724
5.792242479913299
5.785312399341902
5.778467402090199
5.48990915882395
5.485075249276261
5.480372710193818
5.475741285767426
5.470904970800873
5.465695437980652
5.4607651494123015
5.455943030716462
5.451381677559831
5.4469279611694255
5.281398391601345
5.437297806359413
5.4329972325466045
5.429169128186616
5.425079819637315
5.4205012417626754
5.416637971008754
5.411895525561625
5.407040876307971
5.733661661616157
5.727848115368638
5.721798057870689
5.422790601272564
5.709904169324006
5.70409680042799
5.829507194609139
5.408086835485192
5.4043780763837495
5.8496584811493255
5.395553521925493
5.391309067360372
5.387217474898737
5.383267730475827
5.378796476051446
5.374983427148626
5.370842045192615
5.367274633479378
5.362762290143493
5.358273728570425
5.3540528904027935
5.350087726291993
5.345830654963154
5.342150664595519
5.338192091745663
5.334001363071637
5.637119019318226
5.326648210268523
5.626549275724685
5.621392482646829
5.315473172067696
5.31164343534716
5.307617893581572
5.303936618633847
5.300424410763602
5.296977541815995
5.293483675055947
5.289735430059129
5.285943571504936
5.282277414622415
5.278192663910538
5.2744735994223655
5.271022311144724
5.266999314235645
5.263098285858826
5.259637145742945
5.256012838561961
5.252112314962523
5.248022986699127
5.244597043091895
5.240756919091517
5.236999872606863
5.23376177533205
5.230122399457502
5.226257928414851
5.223034207598181
5.2193396515720005
5.216055609893245
5.21241220522069
5.209123411661836
5.205952272167112
5.202157244318291
5.199179160837392
5.1962051029707945
5.193299969259194
5.190045574178817
5.186695180884914
5.183870952587623
5.180619036788932
5.177606330151585
5.174679078878071
5.171793442232667
5.168442860291745
5.165128676568865
5.1618743069915975
5.15885792411941
5.155603549763064
5.152789485364706
5.785453554378491
5.779218496752864
