11.703339767444554
10.630808560569943
8.715243543361275
9.136728356078295
8.497119964356301
8.049851766212523
8.011527542832157
7.213976767657473
7.281659328426767
7.34990491287248
7.448369255820965
7.42662658901738
7.385885916657404
7.385472724941915
7.31593066706388
7.3166843247437985
7.335991410830584
7.3922098031182015
7.297903626369001
7.145564993375109
7.0114058956451455
6.895490022633236
6.934074826905825
6.870860062919309
6.830211960351378
6.723569983121884
6.739703228201846
6.75794613022054
6.699964732782927
6.8139238995852764
6.770732958925977
6.820808238626328
6.840416419236154
6.931560760110816
6.94888918558007
6.960297105943866
6.969391285191156
7.006969711760386
7.017065165877359
7.026799834222396
7.032783414192949
7.045097820564163
7.088374408432725
6.973774268584295
7.0124212955601015
6.989206487670978
6.959311422056666
6.929927525224822
6.912011505602622
6.903835721665746
6.846847865272
6.825814703385232
6.851207972095598
6.732422942866569
6.756725859591763
6.712886963839887
6.674070676929703
6.639024655580887
6.611601449262869
6.579509610958965
6.551348678887875
6.521177042126711
6.488729091516631
6.457800403201879
6.432641298351051
6.40732900862718
6.390074221299676
6.366755230514389
6.343850951849193
6.326933879879696
6.309483994596904
6.283360681883323
6.26557058617241
6.2429900546717825
6.218836759322748
6.200791412490347
6.179391621718863
6.17114829413895
6.16863815470594
6.168847881093464
6.166809123363471
6.161509543210429
6.159919365641191
6.157924056590865
6.1603143234306295
6.158128455508929
6.161924680639502
6.160955488169928
6.160872780287645
6.15679947330589
6.156839674405909
6.154603330992519
6.153239236446774
6.14646665134122
6.120646081871507
6.068342492616276
6.042163093763882
6.0255011484456045
5.997646273444298
5.977282078912374
5.954480398791424
5.936900130057698
5.917284055752045
5.896573979963916
5.878231933088658
5.8598092058301114
5.841867341932721
5.825957942753339
5.811394948091518
5.804900643193622
5.80472730181094
5.793096602974635
5.779620983181534
5.771091175873491
5.758557805939333
5.752192645893914
5.755295058587101
5.744819716436354
5.746227710832813
5.749628789566056
5.75026264962316
5.743091792659496
5.723153241847787
5.723638832613223
5.710657911801539
5.70558587994398
5.695938150776864
5.686003170916111
5.674377380494282
5.667126330500333
5.6600806286293395
5.650199846801362
5.642400428801656
5.631968892470959
5.623349184643218
5.6148871431732665
5.6077157573927785
5.6023912236539894
5.594068269173268
5.584547704475293
5.5398606138636195
5.5691121509993335
5.526815885020306
5.5599341881098185
5.554804245288008
5.550514008151546
5.550331599715157
5.554080130348869
5.54296853044724
5.513902790198742
5.516109019635721
5.520591226311751
5.5135564161047155
5.505744829999054
5.497519132722352
5.494134836706709
5.49442124577675
5.500269055324986
5.501495058604004
5.503232746866034
5.499240537991713
5.497393339442431
5.495591537535751
5.540304041721605
5.534205906683959
5.527480333047643
5.476379075971986
5.472301003784907
5.473154458632687
5.477575439330553
5.477024023731871
5.472203109664581
5.468187364479006
5.474823840131603
5.4764770995949625
5.4763984681983
5.469132364170782
5.4637484349600545
5.461402183517584
5.464918648022014
5.464352368017785
5.466734756105161
5.471446602225128
5.471522880742284
5.46649005779308
5.463769191145304
5.459728677820658
5.456919521496899
5.453952925222413
5.449604106617752
5.447406088398973
5.448579011211303
5.450658245790573
5.45274310259373
5.4496973539364015
5.445245373093516
5.441661224451691
5.438757061972887
5.436549972231612
5.435199729972439
5.431910592035064
5.427146206123859
5.424800614861467
5.4215346684952
5.4220826061926175
5.418828374764999
5.41378211538947
5.41135201119656
5.407806115843271
5.404251132970469
5.4009833769979405
5.399698619690073
5.396036023934081
5.392805010593363
5.389559015572536
5.386733744991103
5.384806715023104
5.381636270330505
5.3815060809986734
5.3790011895834375
5.3745247626946675
5.374219142754456
5.374056676812655
5.373044630138775
5.370253072742246
5.367640907869879
5.364850905645215
5.363780186782097
5.362688952514555
5.359234284664305
5.357469511318213
5.356833399676166
5.354351972754694
5.352515768190226
5.3519668426443285
5.351203308590782
5.34801855684068
5.345896466160998
5.342579212274012
5.33978192770171
5.337929255403197
5.33666160334254
5.3343865366009915
5.333649091871407
5.335059313640405
5.3350263028104745
5.3338968099424084
5.331958721752596
5.330878812456153
5.327125541412486
5.325767831409635
5.324632686446648
5.322901311993195
5.3195121926173785
5.31773886690032
5.310963529427276
5.307078515778577
5.306108627191022
5.3053659326505676
5.305102212967455
5.301843527916595
5.2997513478961515
5.297709227700454
5.296095751544641
5.293052971228176
5.292425124538961
5.289656378291482
5.287930998161503
5.288464795741022
5.286469602828529
5.284824007797099
5.281970255727425
5.281076831975275
5.281032315184108
5.279234617390838
5.279968127131086
5.282313379822176
5.285982875731653
5.287125186671723
5.289375102728711
5.292839307102809
5.294942958016519
5.297912225890935
5.317500810150707
5.316819397425742
5.300556964263627
5.302946987235582
5.3040476633014135
5.306402525843385
5.3070269748953995
5.30809342367683
5.311011627288991
5.314944847359838
5.317025775031605
5.318850744923995
5.321619765294356
5.323509423863237
5.325182276326822
5.327730667799912
5.328964480846984
5.332503590299362
5.333411214635549
5.334384192516502
5.337438808681554
5.339024051723446
5.34249296330936
5.345436924587739
5.346525754889518
5.3500426353593165
5.351103062071205
5.351546068672795
5.354232076445528
5.356697815829657
5.357383269604407
5.359185162587824
5.360237283204063
5.363184879515859
5.365553615503799
5.366320888274658
5.367990251266387
5.371010667988405
5.372971484308539
5.37517014760372
5.3778682822826855
5.379722727700052
5.381762811489206
5.383265426097443
5.386343836403385
5.388421540581076
5.391099600764683
5.392312076853631
5.394398249633162
5.396701472345919
5.398141649591123
5.3995928837417155
5.401703710183851
5.4038463036208375
5.406349326570072
5.407172655340001
5.409356630818845
5.4111967369876455
5.41304986277194
5.4150168234768445
5.415666947366549
5.418121239079804
5.418733468704559
5.421136430449228
5.423173081549209
5.425765813768858
5.427355100562842
5.4293774461850814
5.4308753865366555
5.433654552920004
5.435620083269795
5.438468043207122
5.439647729377757
5.441379881780625
5.443411633623106
5.4449011066221065
5.445719797282644
5.448221737160994
5.449686676994119
5.4503372116436815
5.451181449518234
5.452994823851312
5.4549089863839555
5.4560678601196635
5.458191452640818
5.458687608055338
5.46056222620292
5.461622341087807
5.464203859838008
5.465730577157856
5.467929905184624
5.470247429548899
5.470027949453269
5.470888975448215
5.473501877698014
5.476118413715469
5.47726818285535
5.479441397734885
5.481162256105781
5.482881183242382
5.484862491719384
5.487289851296573
5.488260496783907
5.4896737910436455
5.48994995516112
5.49111309270608
5.493873998502019
5.495364823570041
5.4959702061837135
5.507886472640989
5.498092651821249
5.498966945845746
5.521012294603802
5.522795013157075
5.523293245594623
5.525328604181074
5.526744905383975
5.528101396419902
5.528934820735929
5.530692743273365
5.514684831987729
5.533035000976119
5.5166986564656515
5.518063006431632
5.519649147400315
5.522027806609066
5.523719068329705
5.540219384546471
5.542368820486213
5.52757589410705
5.5289766507780325
5.530304062473375
5.530761212610748
5.529178589443
5.530188563990138
5.5319576127996735
5.551980142217239
5.53468275411291
5.535708158531149
5.537828332937956
5.539824637233225
5.54118712753544
5.542780711622635
5.5438900643036355
5.545248984358536
5.547267933112899
5.548526741560423
5.548872331506447
5.549319861317842
5.549376066740706
5.550645591673319
5.551221902926678
5.553150780380366
5.5556331748288565
5.5567757609268895
5.559129083054007
5.560381751811055
5.561060321743963
5.561890963535762
5.5631258519356726
5.563878498793332
5.565535668689905
5.56709002115353
5.568827721102342
5.570499163618545
5.572107142145674
5.573218173642878
5.574214586967909
5.575335114571702
5.576526185822038
5.578745154485284
5.579225966857222
5.579903952189514
5.581293362556891
5.582688157819674
5.5845397730003485
5.5863145322727386
5.605765702205147
5.607046615016589
5.607913499386258
5.609074982719275
5.6096235530487375
5.610750266697054
5.61241462204972
5.613377369969882
5.61404394180001
5.6153451613594285
5.616129515136589
5.61768476292121
5.618604726008154
5.619968206927267
5.620576349077024
5.621128198463364
5.623052715684506
5.624620149124256
5.625614707715804
5.626555987331981
5.627646882497064
5.629496962343388
5.610814419018566
5.630801902519769
5.632335816401781
5.633724011873624
5.634450032746433
5.636412636465595
5.637598910467764
5.638137607044039
5.639795833418512
5.640665947089036
5.6419387595457176
5.641884702832659
5.642724289116879
5.64399491930843
5.644156035383298
5.645613461874935
5.646635369748347
5.646834821921078
5.648216639597289
5.649545230732812
5.649950406156791
5.6518147180211065
5.652288677028481
5.652982818281133
5.653981520594138
5.654635720069948
5.655244527444837
5.656314998990107
5.658725608195919
5.659215398250319
5.660284114878957
5.661438952940709
5.663092261920867
5.664085310262959
5.665431722491953
5.666650909930283
5.667465657776431
5.649918257727252
5.651070709182179
5.652265433568088
5.6714355146658315
5.6724819301716325
5.6731554333256895
5.673533527563707
5.674009020581005
5.656659198552609
5.67662364936016
5.658561477178224
5.657653373514258
5.658880839947192
5.658975301416671
5.659477009650388
5.657457951164719
5.675097895006952
5.675751098001999
5.658868260291017
5.658798486215106
5.677348056844769
5.678905706351395
5.66072868045639
5.6621187140256986
5.662740451257132
5.663724565129417
5.683670570074829
5.665523201632269
5.666757404266631
5.667080546325543
5.667959538262566
5.667992074831343
5.669603612251818
5.668456349327407
5.668083590096672
5.668910850164793
5.670584454689136
5.670945314307922
5.6724586137711865
5.673260245563824
5.67477967474093
5.675965148931943
5.677162232588633
5.677436162678077
5.678319366647664
5.679355471870214
5.680222255422801
5.680858570703197
5.67860941428618
5.6790229743487295
5.679735539874913
5.679647311079221
5.678276977127072
5.679588212776303
5.680595055895356
5.681080593074618
5.6814251283789154
5.68216220738681
5.682827007738952
5.683422282919782
5.684500842139302
5.684026719607631
5.682936248928817
5.681328788922474
5.679737178883783
5.678760377701266
5.677080554487316
5.6754645696911235
5.674506608731908
5.674762351495241
5.675263440862196
5.676556100802843
5.678614469256904
5.679187321101179
5.67944744694499
5.680039236940136
5.6803870362808135
5.6795111319519265
5.677875999477489
5.676629888011262
5.674827173849646
5.67343865135035
5.67249680765898
5.670663709001053
5.669389139412099
5.66789736539374
5.6657624297717
5.664353716286194
5.662414492784811
5.660935729630539
5.659397652493148
5.657828888734004
5.656079958851233
5.654460798949663
5.652845661403092
5.651351423698444
5.650261137230927
5.648843072404231
5.647991904947029
5.646569625350161
5.645460170400331
5.644433404489761
5.643726130971779
5.643779611146939
5.642653557634153
5.641379991439463
5.640083971993546
5.640375105272075
5.6409831834918975
5.641843401039662
5.642558278782854
5.64369939395544
5.6444611622636165
5.645296759315354
5.646124926785934
5.646966454889979
5.646915679117327
5.645581413861725
5.64476134431569
5.645728066411055
5.644777435284867
5.643122118609199
5.642281831738919
5.640844042839333
5.63896156004118
5.6381034931004494
5.637077484583197
5.635323229708933
5.6349136681287115
5.632816314566196
5.631715658762717
5.632613612741174
5.631405906003681
5.629823610547643
5.62863210949936
5.627614609551272
5.6270325177815215
5.62539833967461
5.624060383779073
5.623162548917387
5.621799752923788
5.621164978248501
5.6201713431108145
5.618757884186068
5.617794945923835
5.617422472802725
5.615497330335141
5.614662479688365
5.613316861509197
5.6120799508765735
5.611865124603722
5.611132434845116
5.609782346023458
5.608553016982557
5.606999152126076
5.605706639821147
5.604454909504187
5.603777837240392
5.603102198327824
5.601600124241476
5.600640823342803
5.599620104280069
5.598113695764718
5.59666162288306
5.595167312217203
5.593759813544556
5.592404019774282
5.59080495701412
5.590061413727331
5.5893332987257835
5.587926104174697
5.586093236377663
5.585204264213992
5.583609899737027
5.58292997396319
5.581897195900491
5.581144503392452
5.579840407616539
5.578209010266496
5.577135375363503
5.576290698271783
5.575485165952702
5.57464992166082
5.573995701720373
5.572894751435975
5.571850533815867
5.5711922295950895
5.569914368081851
5.5688989739309065
5.567414905166682
5.566143010336067
5.564660763233201
5.563987651357561
5.562927385640998
5.561151061664514
5.559773955539376
5.558283731143151
5.557112501119619
5.556388249738102
5.55572161018621
5.554565366164454
5.553731167080731
5.5519610647654405
5.55032005857946
5.5488479116909915
5.547917075470531
5.54704665446376
5.546170161116889
5.544992087792419
5.5442071491736185
5.543302005775048
5.541663670886165
5.540668839098566
5.540193259024566
5.539276006485465
5.538602532200701
5.537521026287924
5.536897664788882
5.536194072693782
5.53506498132181
5.534368311466878
5.532953671656495
5.531984574625265
5.531388310692284
5.5309108129040565
5.530796822432725
5.529494905814136
5.529507501859578
5.528098090017926
5.5267144608219665
5.525517285478553
5.524289162989436
5.524139889518258
5.523719578219128
5.522934555984346
5.521982117687359
5.521913152690453
5.520589881072626
5.519420479826691
5.518930082865328
5.518218476973463
5.517072277684539
5.516270716043032
5.51567081164424
5.515053123551569
5.513733653509148
5.51273920309662
5.5119026488637255
5.511170020117399
5.51036472567884
5.5099085537239265
5.508941373160737
5.508255027240742
5.50760121669369
5.506733905789076
5.506266733084548
5.519280504931449
5.5050825234836935
5.504234425977839
5.502861229269425
5.502675740325691
5.502284634862411
5.514742219499064
5.500861694220911
5.500237885890238
5.512792045235935
5.5130043457381355
5.512816778867277
5.512393306581668
5.5116689088510835
5.497674653831003
5.501142009066617
5.5010776663168315
5.500676912907874
5.499757678555742
5.498898454494296
5.498369613993259
5.497857183809616
5.497519576944887
5.497217501009423
5.5035327905041695
5.502962024260596
5.502143441489137
5.500950897636873
5.499874420563247
5.499448155096156
5.498148511475674
5.4971091600903055
5.496744747586517
5.496285032224477
5.495612838277835
5.494787111748724
5.494672572726439
5.493814436473771
5.493188866769666
5.492433079797017
5.491679488173352
5.490836292869831
5.489961306254025
5.489148147231345
5.488017806284838
5.487466851485374
5.487118255674764
5.486208522790962
5.485563033539734
5.484502421743924
5.484989029983762
5.4842407747065325
5.482864720601975
5.4824628337970625
5.482071617349478
5.481384764897707
5.4805458569742145
5.480029679797166
5.4787471998839505
5.477852249806526
5.476982442693909
5.4761974887516605
5.475327738972014
5.475039910333094
5.4746753568546405
5.473849784790913
5.473193172267727
5.472524214353853
5.472372281714015
5.471851925593094
5.471189050905439
5.470557817663172
5.469764984541834
5.469039486696387
5.468821491994414
5.468075806785709
5.467514257404432
5.467092333229161
5.466148961553985
5.465745231677332
5.465705850980114
5.465633763841779
5.464905807994393
5.463828191805675
5.4633266383533
5.463381350205161
5.462778138440239
5.461598802180478
5.460802886316971
5.459476706225377
5.459183553734953
5.45896819319886
5.4582720195760706
5.457262812929439
5.456822038703935
5.456431154475707
5.456262273287123
5.455564857763288
5.454834265571353
5.454250370489749
5.454135717247698
5.453211405251712
5.452850664442091
5.452382314494586
5.451593666559647
5.45125098393982
5.4507345830487255
5.450234346101598
5.449334467339348
5.448679124445761
5.44802537328097
5.4472797842214735
5.44632705528731
5.445731467603072
5.445238313415779
5.444790859759527
5.444116733870395
5.443421781217284
5.443280603235162
5.4431436709306205
5.442522875833332
5.4418682878507125
5.44128596982713
5.440915174609304
5.440469759338866
5.4396767768743555
5.438720042079226
5.438192164684906
5.437209020409161
5.436745430123373
5.436335289208815
5.4358697692361035
5.435084061713922
5.434803665229405
5.434104940250035
5.433464500925546
5.432505780139166
5.43189265229422
5.4318037783804805
5.431564419208294
5.431181300209624
5.430454387166088
5.429640632109227
5.429124966901555
5.428462060552527
5.427572002537121
5.427025775728481
5.426615552138473
5.426319532178268
5.4254644528369775
5.425103856708363
5.424568946754243
5.423984763485314
5.4236931083655096
5.423080788161268
5.4227552460868855
5.422026561788469
5.421456806580567
5.421299984938167
5.4208850948551115
5.4204650475681575
5.419642403827644
5.419121056399379
5.419276642541349
5.41881570322245
5.418516698319334
5.417964870716355
5.417645500855457
5.417205927713444
5.4168611236393875
5.4166047418398575
5.416041924865115
5.416381906980343
5.415411081273658
5.415226492555346
5.414873300698873
5.414147261470288
5.413834573276032
5.4131503252879885
5.4127439503034545
5.411934889838242
5.411943653675342
5.410946883847742
5.410552898503519
5.410322464636535
5.409689790836813
5.409154097086513
5.408836731299613
5.408309617736541
5.408295184579779
5.4082873930673365
5.403417031400743
5.403050737922837
5.403079049814275
5.402809522752623
5.401918626635387
5.401698823204075
5.401463522696988
5.401122712785006
5.400758050627396
5.400700821526927
5.400444543981565
5.4001475832441175
5.399786137183865
5.399464571575509
5.398534290121497
5.398288701591151
5.398077503825712
5.398084183894437
5.397959978602056
5.397298567273933
5.3968818286261175
5.396548843915608
5.396097319724342
5.396012657988913
5.39532206553202
5.394928847921186
5.394098627635775
5.393907251876688
5.393304900643029
5.392864351589205
5.3924531143710706
5.3920874097341835
5.395375358779241
5.395013509964404
