14.809336133738135
11.37023489961946
10.177335033117863
8.901644664824703
8.08117707419658
8.187799016990365
7.433568355476983
6.72175206553778
7.1481341769620235
6.257474154557695
6.895411039110527
5.647022968768986
5.582487463953066
5.526600678632816
6.010925491760835
5.943042345775216
5.758630240361985
5.341153255162668
5.587105273880364
5.387400648486798
5.205255342991752
5.056449024292682
4.725526967635548
4.9890463542991945
4.534285507476162
4.745467905302355
4.955737377938587
5.097413476016293
4.972007166083315
4.744356054517183
4.817336467565908
4.724071850985447
4.64448195378341
4.5669080979151255
4.491854169462119
4.421557532037291
4.354822450014569
4.520397190578859
4.729069809361999
4.380878728141072
4.326269093268991
4.274613052099767
4.454913535661227
4.392901642579362
4.130682341651774
4.290358639224099
4.046006178701011
4.010727551692301
3.9761673862163707
3.9395888204636003
3.9107199887291206
3.8797812069432354
3.8496961653582913
3.819785758580272
3.7912811796311368
3.7682824578854293
3.7442263214273344
3.7216951959323628
3.6997721738195497
4.167616934562697
4.131103627536487
4.094175630405139
4.065045206113269
4.036020995681866
4.008405403845581
3.9807795491680094
3.952272723516736
4.112328747394095
4.076254397627051
4.049040855725596
4.0237853779877515
3.996170102337286
3.967305376076011
3.9437128375173574
3.9222466226088173
3.898333954539737
3.8750410605369967
3.8493383514229347
3.831887983430853
3.813432639407088
3.792230319873883
3.7724841081344973
3.512045676967803
3.49922945889513
3.4877677822922823
3.4785094394153946
3.686323918283928
3.667739617136324
3.6545401706632417
3.636435931867123
3.618028730932108
3.6037343455530193
3.5888979269078036
3.576598469300234
3.5658270824748777
3.624151274114986
3.6123070041267216
3.911189651051294
3.5875445620727873
3.899355765760454
3.8806698048233166
3.8605754378010575
3.535591910805177
3.5253241973276928
4.177408491298089
4.153055911929527
3.7796970818199718
3.7646810739956162
3.7490762728522227
3.7335384786198498
3.7109263043324665
3.698503678675281
3.8640625825088777
3.674213942389904
3.663110805453745
3.6510629270556763
3.6408440744531814
3.631282462174792
3.6203712783194977
3.9753161732052096
3.957539365093242
3.8315801547338335
3.3832310631961655
3.8074655232691
3.790662499248227
3.776773869912256
3.764138491190128
3.7518378828069108
3.742559704868665
3.907049740722896
3.891544668420159
3.8771966474399786
3.6984905101620025
3.6878431215796255
3.6756097677557964
4.085163041650397
4.06495756501208
3.793619473939226
3.7819286844050475
3.7685573102258414
3.757356657209827
3.7464567615565576
3.734112216699247
3.7220867005511376
3.7107095939117034
3.7016721452588826
3.6927126949216786
3.84740059541733
3.673148781367371
3.664088180594167
3.656280847992957
3.647170946424184
3.6368290414540154
3.6294749375379323
3.620064591772638
3.612501020581274
3.6037482897071844
3.5960073412755658
3.5876258090627684
3.5790873997643176
3.5715853664368886
3.5634919285111732
3.551953050464906
3.542653901638807
3.5356812416565853
3.526600413889549
3.5187766633019026
3.51163510603472
3.6400464476571557
3.6334240593956624
4.003921584411753
3.499390772563151
4.124639458217571
4.108547404996617
4.090292032756997
4.074497784074109
4.058182051825067
4.043754979604684
4.028901585908443
4.015634312753123
4.062981569200265
3.989677909516515
4.035026229528053
3.9626424740057105
3.950562301562004
3.9392603671009945
3.9260227307053532
3.914175218148751
3.902501527638716
3.890508518706206
3.878860212933975
3.8664150748865547
3.8556834567229736
3.8442469588980837
3.4442119038429597
3.4381229742039183
3.5250466749544067
3.8023764429661373
3.421291062734001
3.78202204115759
3.9121445846006
3.764765806088908
3.4898150686695684
3.3961028197270293
3.478639029429057
3.472122700454812
3.382469529679296
3.3768773720505814
3.567649764408633
3.5616916455239966
3.554939432652729
3.651226416329324
3.6434793715537825
3.636678003234669
3.6304614892186087
3.622124792509783
3.615495056322145
3.609113552029789
3.601791627338077
3.5960651866791524
3.5902467770893853
3.585038091916317
3.5787739066453303
3.5718790993351113
3.565766194636773
3.559923484007748
3.553965188910541
3.5482768239159066
3.542225078283688
3.5358356891693905
3.5301111124528863
3.5245514831368068
3.5192428297950618
3.512931898968272
3.508421062029773
3.502753433745447
3.4967316734119356
3.491731428623461
3.4882474969920585
3.4832770001565376
3.4787340726480243
3.473257387227657
3.467891449060714
3.4634321640894785
3.457803358137328
3.454115959776663
3.449749428465289
3.44465676941926
3.4399524971744198
3.4351025032306532
3.4301521788390508
3.4258511267900795
3.4203190237424037
3.272595237718663
3.269978684248001
3.4092453145713195
3.4044594881714767
3.400387095266657
3.396003736741183
3.392501366532984
3.388171830516219
3.383537994300425
3.380012282912842
3.3757574003663344
3.3724852762187147
3.3671906543091428
3.3641839555064275
3.3611637652916673
3.357360728521261
3.481822116626257
3.35008793956176
3.4729225167711424
3.4695218659388702
3.4648471931046916
3.4603610182533213
3.456792906966364
3.4532939211769023
3.448262060037994
3.443555986673071
3.4404176327752416
3.317315346627795
3.31396138619708
3.3113291323412573
3.3083351451091985
3.3046541330400383
3.30223247608722
3.298139492733354
3.2963776132137332
3.29320969089285
3.291031210428025
3.288880867278795
3.2866134547943555
3.2838862622756935
3.280832766254469
3.2779400751298517
3.275369092248146
3.272826350570913
3.2693889550565314
3.2670160550998086
3.263785284729098
3.260535749654296
3.2567534048131117
3.5050387181850113
3.501245351542529
3.4974856508116923
3.4934404612403864
3.489089257507383
3.4838924427996485
3.479837956953147
3.235325194829757
3.3377541345005817
3.3351035495280144
3.2304012341120893
3.7274126422992087
3.722299235785345
3.7164332830297213
3.7109096714149006
3.7051310740409344
3.7005384391105514
3.6952286659959004
3.689704130703009
3.6840160698156876
3.6780571500255785
3.6732622068826415
3.6685677604413556
3.663236850365322
3.658556055095801
3.653422962793302
3.6484695585173372
3.644213838663941
3.6385735068244154
3.6342133766237223
3.6292125460969875
3.624801913773261
3.6201405544455105
3.615022985208001
3.6108202613291303
3.606785304001203
3.602352514403879
3.598343925183941
3.5935576922595507
3.588827872874897
3.5850138604228006
3.5811106674338
3.5773859059561457
3.573566750042153
3.5696255412472797
3.726455682159603
3.72201302510366
3.5591077273535063
3.5555834065110683
3.551700686289721
3.548014053083695
3.5450157392113257
3.541525503910331
3.5376282384348365
3.5345522643420817
3.5303138003876957
3.527127711666097
3.5227491191904834
3.6657842644971037
3.661918815523358
3.656701569428732
3.6519091451277474
3.6474105478750958
3.6425995851829045
3.6386904806258094
3.634964479620746
3.630270270576493
3.625954445112553
3.6220741876441003
3.618300408344192
3.6145794901120323
3.611286067363565
3.6073196765822555
3.602694754033091
3.599743352986558
3.595397306669267
3.590215240595054
3.5863432606495067
3.5831727106486957
3.5793202797983015
3.5761518879850875
3.104908696513168
3.1029480292986524
3.10179138832797
3.10073969151305
3.4327778537254714
3.429570420072395
3.426354112491291
3.094553639856733
3.420657188723632
3.4184212276002617
3.4152635482091993
3.4128565248440186
3.0879307803797134
3.4069853380890285
3.4039588896277566
3.4014107395299447
3.3982482574780652
3.395065839356937
3.392239885473308
3.3910432560788286
3.3886125282287
3.3862673962276038
3.3837899363801123
3.3806929517476063
3.377593034654428
3.3755813813351017
3.3728811268154075
3.3705175374756866
3.368292157247744
3.3651925409707495
3.362859809988701
3.360821431092963
3.358737877855632
3.3569705622457784
3.3550068357877127
3.352411822122679
3.3497866395616884
3.347675051052932
3.3456762465503243
3.343371754364331
3.3411787292765163
3.338655230588234
3.3364435368445715
3.3334429926090574
3.3311796794324873
3.3289228419897685
3.3265926249865077
3.323973688621556
3.321911944877009
3.319417781102681
3.317159458099652
3.315211361828795
3.3129475194891906
3.3110901674333917
3.3090173700045766
3.3074266830761228
3.30548175567813
3.303142021352415
3.300715898464125
3.2991936940740985
3.29775767385986
3.294936923428339
3.2931037067622158
3.2902121424770643
3.2880634257316532
3.285942217763453
3.284085352105185
3.28184532982342
3.280418318009346
3.2784717754902815
3.2762319032505656
3.2742400507462555
3.2725661261925385
3.2708355007392713
3.269405527230991
3.266716789245647
3.264784638397243
3.262658143211301
3.2610918262578856
3.2586546137788033
3.2567009191306395
3.2551089932458424
3.253172302137796
3.2522218099199844
3.250872792325814
3.2492347101984116
3.247336349331401
3.2463426143505196
3.2448786632929174
3.242484449983925
3.240262755048477
3.238403795121639
3.236782014659454
3.235718779902847
3.2344940849069896
3.232724349679119
3.231618437203579
3.2295198733524546
3.227800491266856
3.22647667557446
3.225296207291578
3.2240703830958366
3.222401837870276
3.8148484772934905
3.8106906156572085
3.8066501250626503
3.8023262188169267
3.797651150321805
3.7942241579079234
3.7905939277639913
3.7863127381648294
3.782179642866383
3.777406990442017
3.7732999054758607
3.768974375838572
3.7642799618107214
2.979021034136655
2.978106826940882
2.9774561175197958
2.976897045733827
2.9764223047622096
2.975987512396607
2.975315305492966
2.9750028211376547
2.9749476796220953
2.9743603428698577
2.9732103602832747
2.972399556176431
3.1857553756223735
3.184804765556811
2.9701952427690537
2.969662890063325
2.968844791599866
3.1786276946927035
3.1777773522109474
2.966519202019393
2.9651423553791885
2.964660077257606
2.9637018660639654
2.9627517334563302
2.962215651544791
2.9616801679299773
2.9608693784196314
2.96035720498638
2.9595953161156565
2.9585406433815034
2.958376767778055
2.9578377406757923
2.9570744930788946
2.9564125822438325
2.955800190197011
2.9547869692752537
2.954198426055343
2.9539699487466917
2.95381058337095
2.9533178683510615
3.5609670833867444
3.5588494371795574
3.5560773975374076
3.553197683551842
3.5507576873249467
3.547718674284555
3.5450394948353443
3.542641714736583
3.539830194164448
3.5372661006017654
3.534698240926636
3.5323952641380796
3.529714916964854
3.527564963240033
3.525059836866147
3.522512455513351
3.5203939010864844
3.5185141053741797
3.5158937087185156
3.5135039320259116
3.511327604842135
3.509820540958183
3.507545587993833
3.5049471145258693
3.5030139120911206
3.5002553509321666
3.498344752691339
3.4957436855577404
3.493429282454711
3.491077225258356
3.488764160414964
3.486427263015248
3.4836260537345987
3.481462671185976
3.478881078307983
3.477066943622
3.474834964552409
3.472839144323153
3.4704688949932505
3.4684810987806673
3.466356486195675
3.4638958143902623
3.4617015531416393
3.4592214440766917
3.4589165422673553
3.455160516483713
3.4528964415606853
3.4506992484904657
3.448552431068889
3.4463469460382026
3.444565799396432
3.6836199979348923
3.4403136818143802
3.677832803341996
3.674749612470239
3.671868977267689
3.431970747434127
3.4300975576475286
3.4283818860928537
3.426169529699409
3.424257018619287
3.422470693862672
3.4207640068838745
3.418997374424224
3.416673915715488
3.4143802768672233
3.6399607665894385
3.6371590654008936
3.634668538121986
3.6320503993714692
3.6293413779401527
3.6265672845555397
3.6239680739255715
3.6214450493488273
3.619087377773732
3.6169360668712986
3.5326199706795576
3.530671848385877
3.6097495121417413
3.607534405030737
3.524799436879292
3.602840993924361
3.600581172869313
3.598175495134054
3.5954484249877905
3.593238706918838
3.5910862910699346
3.588534298162545
3.5861955591663266
3.6543011292262526
3.652171198061456
3.6491871669288654
3.6467734679826025
3.644134350373724
3.640923421390971
3.638561794889847
3.6361917334205973
3.6332899442202224
3.6308438420782405
3.6282331754254193
3.6256757673323396
3.6230929612044878
3.6207250633950148
3.47931552025391
3.4774167336686457
3.475638164635547
3.473778775492336
3.4717533587662888
3.469789071014359
3.4680043781080245
3.4660227063493885
3.4639348337286253
3.4622357475821417
3.4607410173395117
3.4587274870175495
3.456438523716618
3.4545932376845223
3.4526413069747783
3.4509003657069073
3.4491204169091447
3.4476045681731127
3.4454509883509004
3.4438631449217216
3.441740524548348
3.4402496563217575
3.43779523707879
3.436047768851088
3.4339568891147487
3.4324711917740984
3.4304214149119368
3.429087256382925
3.4277268313270817
3.426038512637915
3.4243662267191337
3.423078069969678
3.42137783398136
3.42011192864109
3.4184527721214932
3.4168901646697405
3.415692422101107
3.414409663900255
3.412871783137811
3.4111644756617157
3.4097653207894147
3.4084446837121583
3.4069718480147166
3.405260262088076
3.403917669294818
3.4022210384911005
3.4004942351873653
3.3986805645338936
3.397150298482002
3.3956486630856744
3.3937682089612577
3.3925704223360174
3.390884453804012
3.3892780173923924
3.3877802668513737
3.386119689046443
3.384252837128227
3.382826877546028
3.3811686035027857
3.3799074094774166
3.378406018455485
3.377005491098786
3.4389255170613966
3.43718857967214
3.4354088264429343
3.434041745412735
3.432535686912482
3.4309308431584524
3.4295658590792946
3.365769765714223
3.3641877460229583
3.362909894717588
3.423111006244344
3.4214347736657116
3.4202141008385816
3.4185744559615574
3.4169883627273223
3.415350981946714
3.413691519922549
3.411705876944996
3.4101507935312343
3.4087110179565747
3.407282541201578
3.405558346029072
3.4041854016166115
3.4026473653822977
3.400614802604559
3.3988752569311336
3.397318840255074
3.395500207077263
3.3939276891802694
3.3923270290430243
3.390954260146782
3.388855491703649
3.3874270821992236
3.3860841026552473
3.3849745289168465
3.383278494048441
3.3817916246623048
3.3803810607451488
3.379297004560453
3.3779687287535483
3.3765799923468287
3.3752321187156573
3.373874644799697
3.372579600311211
3.3710579098596396
3.36959284657796
3.3681546840606753
3.3664916603765427
3.3647813564658615
3.3634728019347233
3.3621751141300025
3.3609431666270595
3.3593733836336614
3.3576076627030162
3.3561890148311053
3.354841454909043
3.3537012533337816
3.3520560138198845
3.3510391603496092
3.3497192610956628
3.3486814389876556
3.347752946210866
3.3465001668296432
3.3451824308111777
3.3436215212819422
3.3421041484349954
3.341116238443766
3.3394678510233278
3.338131577124566
3.3369772380551765
3.335719427243504
3.3347330533823873
3.3332690314371263
3.331884579599945
3.33083951109983
3.329594860222156
3.3286420662313714
3.327322974497259
3.3262980062511915
3.325594239693831
3.3238828347513234
3.8871206417784436
3.8842605963535033
3.8811806434198197
3.87794257115157
3.8754209485324456
3.872432795844084
3.8693602293376435
3.3142763606493113
3.86343506756961
3.3117529078390864
3.857321703572164
3.8546429982845067
3.852061575547455
3.848712423239083
3.8458265605039434
3.3043036882224266
3.8401297630346782
3.8374117077352436
3.8343959490294126
3.831540923030967
3.828830361884499
3.2974742956420426
3.2962328116956057
3.295414352109145
3.2943338297328766
3.2928787671949054
3.291708216266409
3.2907666909993685
3.2895161054755713
3.28829288399332
3.2872646765844844
3.799238259010821
3.285016444806815
3.284013192812384
3.283020763242341
3.2822066426869174
3.3904187615096424
3.3891782139615825
3.387777136938274
3.386052094659303
3.384842753143488
3.3837148999666753
3.382587391348645
3.273814049897064
3.2727647406981193
3.2718898117595825
3.270436332254929
3.759554008420525
3.7568981122147163
3.754696610187632
3.7524642468691383
3.750349953224682
3.748079662868954
3.7456872119468527
3.7435245163091175
3.7413364520247487
3.7389139193900744
3.736438862153919
3.734361896581367
3.7321268476413416
3.7296634756046645
3.7272576672848197
3.724603468496872
3.722456662891828
3.719915981010838
3.7179587458336516
3.715855248398713
3.7143719239777813
3.71192480607247
3.709647352759245
3.707414582722509
3.7051399005430596
3.7028704855569843
3.700616588799075
3.698504141055779
3.6963134586797097
3.694093597552292
3.3392146583731206
3.337724263922072
3.3368580248946715
3.3355838789068564
3.3344630559436026
3.333338828570876
3.332167452101969
3.3309025218690693
3.329668287129738
3.3287948995655605
3.327558383579644
3.3263030836794663
3.3253216385700455
3.6647381331908013
3.662761603185833
3.6611164635058406
3.659308392692545
3.234787839575865
3.6553143847597407
3.653271915951105
3.6513039440110187
3.6496506893693987
3.6477715835295466
3.646025916734559
3.644084478577174
3.228560160047009
3.227710669905709
3.63886079043351
3.6370931849413406
3.215159451268278
3.6334628561817053
3.2136995816314884
3.2125107520891447
3.221689317066815
3.6259707354935555
3.6242287934378874
3.6226343662063876
3.6207932098429674
3.619064294566166
3.6172178881971515
3.6150393630912006
3.61317139917366
3.6114674959599578
3.6097567740283645
3.607853989988577
3.606375943588157
3.604245064205002
3.602409472291376
3.600294520170206
3.598685512007768
3.5970302800295313
3.5953375371600638
3.5935964512297534
3.5920035892954854
3.5902470964942803
3.5883286558305882
3.5867045600463685
3.5850259484303706
3.583289316917104
3.581479368420664
3.5794644532682374
3.577723994280906
3.575684024093092
3.5740585196130175
3.5725725954099317
3.5708597906392288
3.569328418639618
3.567705409424394
3.566249911305985
3.5646779699971556
3.5631195473083688
3.561591697483506
3.5599945217785565
3.558552557330317
3.5569738998479288
3.555379010456736
3.5539750632291063
3.552377565191025
3.5510685118629537
3.5496768421208187
3.548346014844433
3.546440865757018
3.5446235530263586
3.5431163755332897
3.541291845240458
3.539864754491979
3.5380220899701853
3.536738378277794
3.5352669751976333
3.5335453987465866
3.5319339970495647
3.5303675707488384
3.529047071821917
3.527483451115922
3.526290013735814
3.5246547643846555
3.5233710026225133
3.52200319646057
3.5209816150789446
3.519541897804825
3.5178606920050552
3.5164729213564576
3.514719166309888
3.5133493319258227
3.5117441597497154
3.510232135266975
3.5088856457828146
3.507670319891977
3.5061118545923033
3.5046630654961213
3.5034817378750187
3.5021484383528403
3.500913764890396
3.4996641327236264
3.498246911200922
3.4968655036174154
3.4957203367071097
3.494436217228225
3.492963447642397
3.491865231367781
3.490335128689515
3.4890912882032876
3.487631358437614
3.486267299356933
3.4850893274683017
3.4837573946475464
3.4821004792102555
3.4804680990768415
3.4789532264472816
3.4775096017726073
3.4764102284304528
3.4751970791855396
3.473958856605848
3.472382360183018
3.4711323317325316
3.469886308806622
3.46879169254371
3.4677411116018244
