37.383473016140755
30.6915512436456
26.873844299470086
24.95999383525632
24.35487858553627
21.24248615876656
19.43666969745178
19.575840398402793
19.311447752668652
18.183018957806546
17.92232267017391
17.8250146168394
17.313746676521735
17.32198290635249
17.147778299044898
17.05476463692501
17.309970587125378
16.93692024037676
16.90458612452138
16.86831086990029
16.780697786694773
16.612764419883657
16.322462649912758
16.531608482679204
16.379595017521783
16.628166778455984
16.317704928274107
16.295066659239517
16.24036216195747
16.224579115672537
16.182061245712813
16.12570217001285
16.12847158889901
16.121414753229846
16.091475350547817
16.06415879908273
16.079674745366468
16.175906900509244
16.454706265807044
16.37467223820184
16.379440346194983
16.309737338228246
16.31251130728902
16.28221974784633
16.268082912543612
16.206498857511985
16.236359311025012
15.97469521552414
16.23354156469575
16.24978763412936
16.27145552116052
16.25226753820257
16.216760496761808
16.202313968310822
16.237255284931297
16.194057561048268
16.17152258731718
16.198877390519627
16.188945506088118
16.17540727720462
16.181925232863513
16.20384514687507
16.16019650909386
16.186483741123624
16.181279664633998
16.18364998479659
16.179327057761153
16.190156967934918
16.19257004429109
16.197167355396513
16.303227516794838
16.26063720360099
16.27911314687379
16.281366657914916
16.282219261849125
16.282021794639984
16.27775215475792
16.276562600140362
16.267476310604355
16.252534493406863
16.263411758976442
16.280658944785372
16.281104515616345
16.255864241728162
16.272365448880016
16.27498204068663
16.278256233149055
16.272119152957124
16.266444088856726
16.248388715438377
16.27182994804984
16.27463462118586
16.24753619633371
16.248626236213823
16.23591426414945
16.228836417211394
16.054507533277572
16.048036196044386
16.042311132759796
16.045858890197195
16.032404424188034
16.042626222403594
16.07577328242134
16.062727670818234
16.06174920227525
16.063573095070808
16.068056020861743
16.06866252947524
16.065450436572974
16.068863760321634
16.068383280473356
16.064507477894818
16.06294252650178
16.065042228583778
16.059377089481465
16.058458519464434
16.047906021416047
16.05328766750059
16.057240557359762
16.059556170603635
16.054475567695736
16.05713861965496
16.047201242444284
16.040462076267072
15.996194475376758
15.985630466776138
15.988641607996708
15.982002591072245
15.979734118923055
15.987749306480453
15.9805892620057
16.00328653626368
15.992323273242848
15.989701851460545
15.992943990744601
15.993144352755168
15.994697178042587
15.992020179206943
15.988979359765542
15.99155853944938
15.98898079113343
15.982804429315314
15.983777840849111
15.982131961985605
15.98079269358863
15.978111323165125
15.955141027949814
15.872284019478087
15.957093932725853
15.882385418848777
15.878580230508753
15.894818702258961
15.876251940754493
15.872185965745162
15.874553620997144
15.875777486736204
15.87090982190282
15.872684522842004
15.870158078189544
15.871366922690079
15.872763770865328
15.878681681250056
15.882112501958613
15.883613070121845
15.87988815375471
15.881554896021594
15.881578558696043
15.884477547959154
15.88412455913594
15.88029439874975
15.877696906620326
15.87741054553425
15.877609309921297
15.930165237895876
15.932600350887927
15.931686070094953
15.921233056430033
15.869149560828221
15.87020758826426
15.920711407007088
15.924055878608462
15.933210952065078
15.887951089497038
15.880193345042464
15.880764136506672
15.943052120530615
15.944889110348944
15.944190783435625
15.936625512803632
15.934868856258074
15.93013573677713
15.93153092614653
15.933047736539809
15.934638359848378
15.93562150637414
15.933128067815472
15.93097910000868
15.931536638402541
15.931608034662428
15.932370508742979
15.935239132281422
15.931364607702184
15.937619391058822
15.934448164497743
15.941704070023837
15.936597013386105
15.870928194605312
15.869978790522405
15.877114576708228
15.93403804431135
15.86835842740157
15.92640392767381
15.927217952763481
15.925744622069216
15.926579812315111
15.921876872396984
15.92408450455874
15.919106015953508
15.926431290427706
15.927187382114079
15.919434919697197
15.918994491351029
15.917906739089432
15.912916669092208
15.912458395998474
15.91075970366452
15.91203391965078
15.910488821604059
15.91325404554355
15.914510627037567
15.916327752240258
15.919599857968915
15.922681160470697
15.929252505530725
15.921351723674666
15.924823176207653
15.925151338282436
15.917807288914933
15.917682711409102
15.917469592920751
15.918103821925795
15.914201472943345
15.91579007751313
15.919025912211044
15.923322045990828
15.923997265247245
15.922534596646894
15.923191469487868
15.919660741086545
15.912614963795745
15.911331729510234
15.912798559363171
15.913407890748765
15.914276517480147
15.90983083601085
15.910240871505128
15.909519722092893
15.909085727982898
15.889429529891306
15.892725167115636
15.860773454037629
15.860281018099371
15.864248938124245
15.862686728347791
15.910237748068873
15.912598676960918
15.858740858243577
15.87983020347624
15.881762280486504
15.878500721524187
15.878161657772484
15.906524031035046
15.908581282471262
15.90926911822331
15.881206565890976
15.863667159880759
15.863789548008
15.863827567663067
15.865132612754755
15.866437838772807
15.870575304724142
15.866107569805198
15.865190514279721
15.892149181303079
15.890481502513044
15.890131572654576
15.889493411904622
15.895140938481953
15.895750918273212
15.89574188508795
15.892963880783748
15.892145361626811
15.894280272508439
15.89516378433955
15.895969041548087
15.897863151214821
15.896852268504796
15.898779264018001
15.897574633376403
15.89762643065326
15.900590602146426
15.897873293713737
15.895321867772811
15.895398560691511
15.89939891226295
15.901198234057226
15.903700762068087
15.903823087098255
15.90277099248307
15.898668299860338
15.901281965947842
15.902363392138653
15.90351196442919
15.900552383969014
15.899931339930772
15.896606439729776
15.896302762782451
15.873969921456911
15.89989296689108
15.90015246542618
15.899429643070626
15.901057023332335
15.900115852506072
15.90215312038955
15.913419104957546
15.90903486790595
15.90794514930527
15.908755972955873
15.90683652196117
15.905065626385447
15.907373138432225
15.906194802706494
15.906038151611764
15.90793661679712
15.904740838607616
15.901447266820883
15.902959917516494
15.902668677936601
15.899759346282229
15.899286500858544
15.898801896140585
15.898655730770447
15.900592351749431
15.90007366975685
15.899210178222047
15.901357626602763
15.90461568336077
15.904782865676287
15.902658580738725
15.90342696242807
15.901464796398594
15.902634196482424
15.90421385711277
15.904139918135353
15.904759746901162
15.90017299492434
15.900017440412263
15.901430053485482
15.903460271185628
15.899568174896057
15.897584662143647
15.899845826890308
15.899978331585139
15.900160280056486
15.897997085668246
15.897293779348862
15.894635594359334
15.892679413654836
15.86687582288438
15.892979123059087
15.896489429382154
15.89992892625533
15.903246523199513
15.904180008336297
15.904695746210296
15.905441429698106
15.905811150410859
15.906427636993408
15.906221953440985
15.908636414062185
15.909792360934542
15.911703469570881
15.911115239439699
15.911687133274583
15.90909772939744
15.906581273280581
15.90119102974588
15.901397847213797
15.91070789614385
15.912100095371061
15.906081246079307
15.907034996748859
15.91131209378567
15.902805128880003
15.90328850160841
15.901602165859039
15.902854497903856
15.903000050173583
15.902742248118154
15.902534582379355
15.9047387417852
15.906718946321256
15.907570860386535
15.908077667406737
15.906871335227336
15.90754858669868
15.904990640264138
15.90549076066658
15.905996022682789
15.90742795165918
15.909046817165148
15.906415108544339
15.906915142785243
15.906929516240567
15.91019906931568
15.885530637296199
15.884888928861226
15.886706480669087
15.887184436236499
15.884993640382596
15.884268990010387
15.905714955624319
15.91346751564747
15.915371679056864
15.916176417339768
15.917036286849783
15.91833797161794
15.920075584888968
15.920176672318945
15.918525974959488
15.920582239978783
15.921827171197636
15.922333977483225
15.922995482179388
15.924781108508324
15.917956776751714
15.918774918555583
15.891922310668408
15.889138627535873
15.916579831811134
15.915517617100402
15.9179349924675
15.916475908026527
15.917810974427129
15.925680557650743
15.92103351772546
15.919393436729635
15.919149779214354
15.930706709651197
15.932073920118142
15.933170336414815
15.932473800414748
15.933685074585027
15.93333360392903
15.932801739369053
15.929958895491861
15.929424265709226
15.923418251034937
15.924075769424622
15.931199299066089
15.9229344230094
15.929228084866656
15.927993031297438
15.927217973135871
15.926801650960938
15.927249829790384
15.92560828354574
15.92413350669737
15.922461936440238
15.921310468110741
15.92098053256608
15.917818582605568
15.9168058668805
15.917079382233988
15.923279621138013
15.921659411798199
15.91384488951998
15.912716751072585
15.910983693978814
15.90936013347786
15.907838719749614
15.906626290230852
15.90494512428771
15.904520050041938
15.904413647442201
15.900635467017482
15.898811306763664
15.900855648819544
15.903912924652019
15.902266758130136
15.902494705982033
15.900306309091462
15.90030219643709
15.899178479747645
15.89752865742365
15.897605920628894
15.89840441264445
15.898301686288603
15.898616456358452
15.900131068573707
15.900637947973525
15.902096140389025
15.901235645860893
15.901554183888933
15.901949254753857
15.897841693429035
15.89630604518277
15.893305511246028
15.890090026706233
15.890878507830275
15.893729164818556
15.89063069951513
15.88925756775923
15.890821128225905
15.888453095800163
15.888434949307205
15.88754356995401
15.888283709914017
15.886389266758112
15.887278970872186
15.889228965253745
15.88808202223912
15.889801614743352
15.889463499165515
15.891244314104162
15.892900677797455
15.903965569720556
15.89102941136295
15.893952436317646
15.892242411090129
15.906913529823264
15.906808691904022
15.908281250396964
15.907238576069567
15.907052689704704
15.907457653721378
15.905035006435897
15.905749923253664
15.903358049875116
15.903730151024682
15.905041020144647
15.90494974660821
15.90343744060998
15.902247773809957
15.90200340098698
15.902929940715051
15.902303622548308
15.901964030014183
15.903937761257938
15.903841467977076
15.902985327437808
15.885889466918323
15.885974287103478
15.883062841558665
15.884963924894656
15.885442607854053
15.885469489300787
15.885799824023035
15.885636575047284
15.884513087359796
15.884179719994922
15.884129030244157
15.884497236566077
15.883051707928727
15.883237619974953
15.881914223108472
15.87954788069525
15.881198520125908
15.881404631375178
15.880045602978171
15.879304052808436
15.877692783257325
15.876550971895453
15.876457571034416
15.875402498714651
15.875186317553979
15.876926451018555
15.874735813924888
15.87482741576201
15.87642361310717
15.876503773113186
15.876524628086562
15.875434028521143
15.875208366986664
15.875724434655137
15.876153294818755
15.875812526695823
15.87547715607552
15.874787293724218
15.874176547595495
15.873786965475869
15.874181784307028
15.874483598323225
15.873526308280942
15.87291646801975
15.87410647150602
15.874101515158076
15.874413234054064
15.873422093736584
15.87306474040825
15.874277964875501
15.873273847945029
15.874299581070861
15.875346359291093
15.875464982484305
15.876133615376462
15.876882828314248
15.875997508285032
15.874586306357902
15.873499344758873
15.874571863490257
15.875058178769066
15.873754129346711
15.873519652106607
15.873118113807326
15.872643999723863
15.873303391749953
15.873468824494443
15.872906093253466
15.875804982676662
15.876760163575337
15.877439513534803
15.87834415622958
15.879783987610402
15.88112824530868
15.880638023162852
15.88007163770625
15.880379989929352
15.884230724823752
15.884209845292967
15.885858952055619
15.883420894480153
15.88338889564854
15.885332754814401
15.885209544578698
15.881545845983247
15.881628861381513
15.88088615580484
15.880938417545666
15.88247300178406
15.882427873660875
15.883341617160395
15.88308307072435
15.883767552614712
15.883260217011376
15.882199489144897
15.883048188524574
15.882223361262097
15.883475426385493
15.883033424733483
15.884315638033813
15.884427922773272
15.885716362430129
15.886404069621053
15.885419954331246
15.886234993714604
15.88580566802085
15.885644923196473
15.885325584653101
15.884804685406746
15.887398319924431
15.888774013956406
15.887810686650162
15.888934842912999
15.889306789696898
15.888174596732844
15.886790065211873
15.886385525694266
15.887854199850967
15.887607095771873
15.886953449302473
15.8870945344582
15.888373485465255
15.88901733279115
15.888899400772157
15.887112631333055
15.888372379506402
15.886234966833781
15.88432678787479
15.884255927531829
15.884386744262372
15.883261776503478
15.882881796117747
15.881887890679259
15.882711670888678
15.88282428338805
15.883099729328652
15.88323458540951
15.881984234288641
15.881218837942686
15.879764418741583
15.877689070907607
15.876208986063011
15.875603144641072
15.876666930830362
15.877632814828964
15.878988679312629
15.879881985176247
15.87834417117592
15.878080452003685
15.879294509462992
15.879134865912123
15.88049693096291
15.88277427583914
15.883741193162525
15.882886237772318
15.881094854182543
15.882058692979042
15.883331276688134
15.88202284277922
15.881759992601275
15.88159075230998
15.880511207081492
15.881226634313446
15.883148841222804
15.88451408285267
15.884552251477551
15.88536714637703
15.884275551638977
15.884104161290807
15.884344270318739
15.88355594314529
15.883672272406661
15.883109747215785
15.883191134634238
15.883024637210541
15.894113712715695
15.893472288081062
15.881758310616243
15.882333112780392
15.881768568141924
15.880232445393563
15.881387576491168
15.881449694840583
15.880431628132605
15.88208603939696
15.882108439639097
15.882249341072672
15.883150937194872
15.881274844798265
15.878587869170573
15.880051665252797
15.879759511840332
15.879496745362252
15.880203042117655
15.87883243622628
15.878395706365046
15.878421115023832
15.8787412525064
15.879597873457946
15.880519602942915
15.881267000857584
15.88062743980099
15.880288362036593
15.879620067637891
15.878648026198888
15.87784333999312
15.878331274675709
15.876741969581591
15.877596167468434
15.876542765104958
15.877176617175742
15.877304648200658
15.875241822037674
15.877106098393197
15.878926944513003
15.877929205133826
15.879619717511611
15.879270329627701
15.87891127564621
15.87897762014782
15.878425743586059
15.878470458648339
15.879575061873853
15.879474725005759
15.878740798326483
15.878949718067583
15.877631116407091
15.878575973185908
15.878302008886248
15.87760779973843
15.877714310097272
15.877336845732236
15.878477354684934
15.878902586862514
15.879668518606488
15.881070094228543
15.883525158411244
15.882973491914354
15.87905151609086
15.877368154130847
15.876455160382157
15.880455586002414
15.88040976223982
15.88245072150642
15.881844046260085
15.881972263768693
15.883099304542437
15.882912336074298
15.882753273634654
15.881423963955681
15.881975440505796
15.881348639685008
15.881466545146296
15.880954697866258
15.880963009607425
15.88160958896706
15.881609056216243
15.876564076078607
15.882958833102734
15.874429760620782
15.879424674772265
15.878434942784024
15.877928951485202
15.876778996273009
15.867871239228844
15.868387932732306
15.868183735033616
15.867733820827425
15.867988114193702
15.866464294534605
15.87569507085228
15.87515354991566
15.87420652222505
15.868391621323731
15.86846191766409
15.873908183736974
15.87481929033091
15.87689610051385
15.872640009972537
15.871134700521754
15.871775166519443
15.872036491182431
15.871241686596093
15.87112043382736
15.871176879762622
15.871151843037188
15.871119535734438
15.870670752807392
15.871302176358917
15.871324838033054
15.87020446379926
15.870130253742213
15.873659199949918
15.874023456383698
15.87329942981035
15.870561369145953
15.871385017305768
15.874283066588163
15.87355844141477
15.873669681659162
15.874023314140516
15.874201066074674
15.868863983848508
15.869673515645859
15.87010534646745
15.869174386524593
15.870142756280687
15.868980178996708
15.869324169261603
15.869832039951659
15.874747937464544
15.867996429798389
15.87382626888921
15.873085645452615
15.86794377142538
15.868541430373236
15.86769083591565
15.86913578320337
15.870405309007579
15.868629422335822
15.869487311320583
15.870004461404928
15.870943514331083
15.870768563567937
15.869714511066935
15.869743263622015
15.87017245394568
15.870441843928406
15.869890276307208
15.870718400453532
15.870897219415879
15.871336366626585
15.87333903135725
15.873715221768482
15.874485182398212
15.873827596159664
15.874714111700383
15.873509622419991
15.87265008450972
15.873031360045127
15.873072592136712
15.872451873551562
15.874232088980706
15.87491767160623
15.876020898948132
15.876491813574543
15.876632091241653
15.875562526887068
15.87573975877318
15.874981454703555
15.875544668457309
15.876407672250574
15.877078755194141
15.876620548583508
15.876232208463454
15.87607125602553
15.87582884078712
15.875950370398058
15.874692883939685
15.87550326864216
15.875948556672368
15.875749212865998
15.876385336300169
15.87702790078872
15.877132508160898
15.877352817175558
15.877648085946534
15.87843415696118
15.879060713569618
15.879436465622671
15.878587860446196
15.879459934330953
15.879242802152994
15.877555397454715
15.87856204897117
15.878426615501686
15.878822522284292
15.878960585843565
15.877669622050126
15.877588084834143
15.877964822912501
15.878171666595776
15.877315460677355
15.877872228404856
15.87779885219457
15.877481916666506
15.877162373409801
15.87668385971119
15.875623918131433
15.87711630965999
15.876791663709058
15.877409365286363
15.878020211423774
15.879518787802592
15.879666317294541
15.880094624216069
15.87993893090656
15.879907899052087
15.87917370102451
15.879469255076797
15.87980326183915
15.879882244993315
15.878752196240235
15.878616532686536
15.878908610900439
15.880194622946282
15.88043014961821
15.8802626406564
15.879694892138165
15.880047360529392
15.879940579868537
15.879710311203212
15.879398561073488
15.87966437013304
15.87866783027169
15.879546783858668
15.880773801733897
15.880685123759765
15.880068487784811
15.879191945776702
15.878081101259932
15.879209115266107
15.877763417738414
15.877703192427035
15.877755844415372
15.87841127287738
15.879329955143909
15.879761617532449
15.87970580949233
15.879050789908558
15.878843449779025
15.878828022516734
15.879029079423132
15.879689335433781
15.879321594145486
15.88023070747456
15.879580563627565
15.879350838474705
15.879141956743103
15.879007237124155
15.878648819688221
15.87913562642665
15.878368320311868
15.878284683027273
15.878927808013742
15.878585939613767
15.878632006801114
15.878673737382053
15.878197098965689
