32.31610743967686
31.19758101218369
31.037017551551404
30.568106901556977
30.41529843834554
30.65030152509191
30.650152161466778
30.617017223083582
30.650720287499006
30.500669516973762
30.54527712130692
30.60493506378686
30.377654113658256
30.458566737876268
30.380560307941114
30.362320796697947
30.385532297616454
30.46537322675516
30.419972441824513
30.468742552643512
30.401184199093738
30.382173740334668
30.352341921665076
30.311123142209073
30.30697701549112
30.343991563834134
30.367288406257057
30.36856708154555
30.4140284184635
30.45398682406682
30.447892140092172
30.377165278890157
30.345596759949945
30.394472923421045
30.405917975642176
30.416762916609482
30.383322943068745
30.39131232104372
30.36141486064684
30.353976566139842
30.360847998618084
30.369759669958615
30.388503135195393
30.40730078623717
30.428377378155368
30.444333496489893
30.42575635610374
30.433988109792523
30.452595236780834
30.460824287438165
30.459590495614354
30.45203179370677
30.48187090916216
30.48528272831908
30.497528767090966
30.483023575963884
30.505016300667606
30.487814698572446
30.48767570895017
30.478266921989526
30.502952870057605
30.483489193953428
30.487885730793927
30.472317329335457
30.491029140004162
30.504074583404318
30.487503289975372
30.459303346333996
30.464831111401676
30.455241139239057
30.460990727408312
30.46821730112497
30.469072993519838
30.478038897816802
30.4863738839139
30.475166040486883
30.457835359901154
30.440097699075555
30.466488125474687
30.470188339745835
30.457463398839533
30.452376825409342
30.47235361257475
30.454855832186922
30.46475088632739
30.45358617917502
30.44360732181262
30.45370354766536
30.467770904405274
30.437393567934436
30.44562441315892
30.447808288456145
30.45096890404676
30.444195706352023
30.44799151197305
30.442138548713352
30.465331141397993
30.46128371629488
30.452927484860975
30.44487286702177
30.4438852478579
30.450878488832736
30.458716047610903
30.456423940613394
30.461500372324185
30.455385297162795
30.46226460853905
30.459394899788958
30.447419658501545
30.450460513922334
30.449831386845034
30.457163751649485
30.455461414760485
30.458837861310784
30.461955987364387
30.432030088953137
30.42766926585785
30.431339119429996
30.4375055290161
30.432282973107224
30.45794218657349
30.467213924338488
30.470899569758114
30.472528521863353
30.475232473989163
30.463008532338776
30.459098201058485
30.46087725632736
30.46786304940555
30.467154993939378
30.47169689594955
30.475216090660467
30.489014212799496
30.48278028701832
30.476580943011133
30.479245063276466
30.480502123762392
30.480563207457216
30.484277615650388
30.483387877041736
30.48074592677245
30.477060178843786
30.47868299841104
30.485016938924698
30.48842408244738
30.485922235810406
30.486909924116674
30.485859893289355
30.47740584546529
30.45660008051013
30.45935772013074
30.455391537241194
30.457032039630118
30.444217680523625
30.436041459485317
30.438551801366813
30.44262708988217
30.439002093131357
30.444274628884955
30.444889739813352
30.440693163261074
30.442961353100987
30.468568781454053
30.470742083863158
30.472109457450472
30.455992469319142
30.479468473287724
30.45439317929071
30.457670986109196
30.458320932409848
30.46842741127328
30.470501517019397
30.46743460546304
30.470318101478874
30.475023800749373
30.474395038071275
30.479096346125175
30.485118982891983
30.48164866496496
30.481352681253874
30.481997538203014
30.48492930377906
30.48706609936006
30.48589311084701
30.481985044731665
30.480017341013333
30.477929996668827
30.478827224796277
30.47344084999769
30.46454308757408
30.484173805721248
30.485952159899774
30.48707402555497
30.48182506638705
30.484634547528618
30.483853011926474
30.486094481610206
30.475001923122733
30.47318347084889
30.481225685985233
30.485645384812454
30.484357754845195
30.483059604302422
30.488138745239244
30.48612122732411
30.48685164588914
30.48738204249999
30.493238859821503
30.493499152592015
30.494808380009996
30.49134882106178
30.493620313748725
30.495624256361722
30.49149943691536
30.491585790231277
30.49028454582445
30.49472859809545
30.49829475511305
30.49722428551186
30.498141947968815
30.498009574342728
30.502644940065675
30.503651515532606
30.507092685339106
30.494325771022076
30.493820893889456
30.48828297837866
30.49341617933925
30.495096397773363
30.49595215301293
30.494221785840143
30.496567068702735
30.496929277166295
30.4930978101185
30.490471965774503
30.49253767254929
30.49304818273086
30.494857181008694
30.49613588863334
30.49636272833732
30.498612841157826
30.4989035850243
30.50419214813381
30.501102930912865
30.49854051992127
30.500543342558913
30.500785286509853
30.49616585186982
30.499704511637844
30.50020868942737
30.501893668796857
30.49724739517047
30.497095334044758
30.499051268578175
30.507964738339727
30.509349411729495
30.514834710678073
30.5121502518461
30.510222438869242
30.50859281088502
30.506915624651523
30.503540041622006
30.516061245016214
30.517540426357172
30.519626861926668
30.51853051796964
30.500214188802154
30.499050513567905
30.511783366236184
30.51235551502141
30.517282596577534
30.52034296739865
30.51745936505607
30.51567524902011
30.512741887981647
30.509230619977853
30.50727010585505
30.50981387922826
30.511198481863946
30.514617388040502
30.51755862644716
30.52180089329103
30.523761252059654
30.52850251088824
30.525982453472817
30.522356415931664
30.520752964099717
30.52468177669979
30.522080440789694
30.514664573680946
30.518331023384928
30.514284799503425
30.528875893654163
30.517139628753423
30.517560911097213
30.519445458578073
30.513250898896782
30.5161931422338
30.51489840973268
30.5277934179042
30.527902932627075
30.524979989364773
30.521571512251313
30.521621128463973
30.519209387532545
30.523296482845844
30.534028759143133
30.532809288467426
30.519563711574207
30.520286220592517
30.52290229447492
30.536814169389114
30.53674341507579
30.52581947411631
30.527691416451514
30.528184398241795
30.5121871812413
30.522726587715756
30.516031692573225
30.516967467831716
30.52762904289441
30.52721965063738
30.53127748518164
30.52857145226198
30.527835344128636
30.529099619066344
30.525593422641844
30.521245645384727
30.51990719498949
30.517578117599065
30.51558574598835
30.515145989755272
30.51635018286458
30.512232844914983
30.512602052279608
30.512363890752976
30.512532863779622
30.513055561461073
30.513949013642694
30.51225280410825
30.5096135924178
30.5063456575325
30.50774349459847
30.504418106641214
30.502314282778492
30.51490627650271
30.514557080798266
30.512235548396195
30.493690939583654
30.51102330524766
30.50922760395097
30.508600996803253
30.495407875779428
30.50500819748724
30.505714257705108
30.504960465240636
30.503881973710435
30.489129045143343
30.503122812537104
30.50458760490017
30.503865551516512
30.5027723755289
30.502210654389394
30.48609953232389
30.487784210062642
30.502943927896606
30.486927190242817
30.488346300558508
30.490744825864486
30.491717698633536
30.491270013451842
30.48975444111635
30.490796076265692
30.491073167048853
30.494445121196215
30.49351037052224
30.493677772077564
30.4915551452182
30.494791615731916
30.49318636169118
30.495380217193702
30.49785195699322
30.495874522570126
30.494659306152382
30.49617862782076
30.4977188924691
30.494374340199627
30.494426591555936
30.49215798218187
30.491076218293408
30.492068475615646
30.491463414825592
30.486072598469974
30.487014723845302
30.487711960166983
30.487334837616917
30.485807952616494
30.505678932529378
30.504917787690296
30.50472953564002
30.502478429691184
30.50363904187379
30.506263163097255
30.506996482871163
30.50647423362563
30.50285772441374
30.50136950557391
30.50026456380526
30.498032241053636
30.5000052943251
30.498683526154025
30.498697339484377
30.50249875847984
30.500099799999873
30.49990111261732
30.497421675035042
30.497626093742067
30.497486238123813
30.496118054365624
30.49675732314772
30.495336028984713
30.496611699003232
30.495757491366344
30.47615352962587
30.47999398433049
30.479187229714682
30.478733374968627
30.479142407592676
30.477389256208973
30.476081139669493
30.473621646516072
30.473648769532797
30.471132355408226
30.47050765616531
30.471787548015726
30.483817365672625
30.485152500352832
30.486018060746957
30.48685131388448
30.50455607156572
30.503675287974016
30.489853912437457
30.488734233077032
30.481273870457343
30.486986339086936
30.487339058137824
30.476588520821416
30.491590276674298
30.492173902142888
30.493725937833702
30.49339708669202
30.495206441416766
30.49102072807686
30.494825083381922
30.494846039385024
30.49628610074057
30.49619848056742
30.480406490682856
30.499148937742586
30.498858548863936
30.498859529002004
30.49642370500454
30.48313536307445
30.498540179972444
30.49725210151595
30.496380951859493
30.496142049436685
30.49845145853709
30.499171885493393
30.50026670048005
30.49856371090025
30.500309537598287
30.507581656543287
30.510429898015346
30.50284437840681
30.50357095190835
30.503117980306204
30.49549712035586
30.510075505687425
30.509286723960027
30.493962315624092
30.509971629064413
30.493678467861
30.495003328712034
30.4953283428649
30.494490531851753
30.495191143052235
30.495898314351532
30.496827331504452
30.49708134116081
30.516985547922033
30.518333883583594
30.503405361750048
30.52048709329968
30.503944422981057
30.503258382690746
30.503965749358013
30.50393551690429
30.50514441257254
30.506927326834454
30.50529090690686
30.506147476848966
30.504420180965333
30.502431585657515
30.50261821559021
30.502966227014753
30.504150143744006
30.504855396775813
30.50729416669805
30.50952369496812
30.510525499482668
30.509678260145925
30.509446993998818
30.511280741370378
30.511096501277418
30.50983447957282
30.510060080407413
30.510921199038073
30.527456632953243
30.51193895323794
30.51027469590169
30.50896439642904
30.52591675984216
30.52682369037681
30.52987305913706
30.531460336782278
30.53018104260102
30.53010372391251
30.53017635944148
30.53008851184889
30.528642947385034
30.528379546679307
30.52911949094282
30.52910894188288
30.52723020562697
30.52922438940531
30.530030656424536
30.531984060159296
30.53213804029707
30.532063838822705
30.53165598392871
30.533564134884294
30.53178485723057
30.532244485245172
30.53116453016402
30.529715567924136
30.53149110136122
30.528669187669262
30.52772633616767
30.52771742314626
30.50739300732431
30.50599144220123
30.507130331702268
30.50237968573845
30.502684427306207
30.50369956790342
30.521544881242093
30.501951206609235
30.51963894133774
30.516499845179624
30.51781082032727
30.516215167717526
30.512865135872392
30.515435635935127
30.51615634582207
30.49842001848855
30.51524658040335
30.515685289668355
30.516105338915864
30.51497804820357
30.514103690853435
30.5149974808217
30.515158871693693
30.51600294269762
30.515885200853734
30.515106311878924
30.513110232894018
30.513821337574353
30.514072695748766
30.50016060599401
30.49940673578626
30.500306524627643
30.50129469964138
30.503512151183116
30.519923327716068
30.520999899747473
30.506627988894586
30.521918548958837
30.505556566089467
30.508466216522578
30.50878267771546
30.50701328492163
30.507233289223503
30.508186343098355
30.510395860814814
30.5106010064707
30.511026674266322
30.51060814621952
30.51243344943027
30.511097728126966
30.51023698682305
30.508389048432424
30.507532892288978
30.506505303302074
30.505604510727064
30.506143389726134
30.5056762481651
30.504387018749224
30.502696590630652
30.500667493112456
30.500410944405488
30.498543218348885
30.496605883947264
30.49654498525352
30.496999513108445
30.495439637301942
30.49411651236192
30.49565689332415
30.496493652097985
30.49690419246588
30.496298159326386
30.48503283472016
30.48620083577895
30.48703389057216
30.499500221710996
30.500068108170463
30.50156584302381
30.514781738319783
30.514243419878937
30.515135258742358
30.51580937328024
30.51587412398343
30.51748373470121
30.50496857104021
30.50476238504966
30.50448125058673
30.50485017774902
30.506514773843897
30.507693778859622
30.505417500108887
30.492697163755174
30.504733500462667
30.504046886434452
30.50379797237775
30.4924603422836
30.50314892121112
30.515037578911375
30.51437914631915
30.513054050101594
30.514244518701044
30.514930286527647
30.515000432584568
30.51482377682978
30.500597028483753
30.501486254607933
30.502130158024304
30.50185284797367
30.50194509180294
30.501849841968337
30.502209664387465
30.5026574454348
30.502932976882253
30.503363091549875
30.50291469905289
30.502530114158454
30.501897890503862
30.501923848315712
30.502979925012145
30.503723448683623
30.503840685206786
30.503114313837315
30.501058725060837
30.50013113373213
30.498730873990514
30.500168525937553
30.49965487015064
30.50093961801728
30.500898646468652
30.501641070092173
30.48832712625342
30.489391817380984
30.50329867975107
30.503417946589906
30.5018647264401
30.500161531357204
30.497777620554576
30.481181809265966
30.494101981729926
30.493576054741407
30.49395744636273
30.47995689509873
30.479445563326003
30.481430353638366
30.480049348087718
30.480313118907947
30.49325251165342
30.49284104719912
30.493953513333974
30.494316916419194
30.494791638339283
30.496408777387433
30.49589332215916
30.49573462820426
30.495764271692913
30.496546842030487
30.495635649161517
30.4964037384225
30.497020730283758
30.496665607057366
30.49750594662968
30.497827455715345
30.495754888131323
30.495618264745573
30.496608821822825
30.497717008415556
30.49882926666905
30.49851810047481
30.498519517204013
30.499045458378625
30.499136293391157
30.498834607036617
30.49830393694189
30.496977542824798
30.497345087026176
30.496890102301364
30.49663832966081
30.49621410194804
30.49625407632489
30.495013346925553
30.495284289199382
30.495180957689783
30.49359820288953
30.492979366012808
30.492226349182
30.492040423834702
30.491286071656994
30.49268773357907
30.492342275406415
30.492995328494924
30.49336532935414
30.494087274978902
30.494575627879716
30.496441630326583
30.496499147821403
30.496255028777377
30.48352567554276
30.483121300608868
30.496225223400888
30.497661855921766
30.486978767309257
30.500412163215618
30.48789454810304
30.487957871141635
30.487856420734076
30.48848000372592
30.488457073822385
30.50198342546251
30.489465570571173
30.489667916405782
30.490510653400236
30.489952966044076
30.489680642042355
30.49022097563012
30.49100703835696
30.491993161286448
30.492764997107432
30.491789114319573
30.492527243560964
30.493119597834873
30.492749393676682
30.49122289863689
30.490988124275503
30.491369829892175
30.49089093930229
30.49159487079862
30.491454818911816
30.491893567666686
30.491411392288974
30.49125962699437
30.491605944091273
30.49143107508137
30.492956596124934
30.492450812229514
30.4924896482257
30.492368002441832
30.491692646101573
30.49055715918739
30.492166930733067
30.492511124256417
30.4933567419188
30.492932148241216
30.492752609239222
30.491040205093853
30.490059984257137
30.489978601168637
30.490253656286082
30.49154811332572
30.490594937637496
30.49098988245588
30.489930161321013
30.489187013977602
30.488354416983157
30.488037884452705
30.489322343054805
30.489218372688732
30.490689276378177
30.490288751187116
30.4908257026978
30.490107291891107
30.4904771099764
30.490584644173545
30.491350639991317
30.492335049156466
30.493434006367096
30.493727818769763
30.494262755644094
30.494652319270816
30.49358855992004
30.493920486743445
30.49298688464569
30.493604472319937
30.494187751665567
30.492496662532062
30.492681895470746
30.493320885963698
30.4945963874308
30.494893203089852
30.49449117731778
30.494889712209297
30.495142752206633
30.495258097343257
30.495857721674867
30.49584433259642
30.496216290985853
30.496243363946054
30.496679375896473
30.49571001802584
30.497117458635092
30.49701027206463
30.496743456359393
30.495728734084516
30.49604054639142
30.496614453132132
30.49702830260297
30.496495666085142
30.496495608057156
30.49682582702601
30.497795053130844
30.499126846935884
30.499636225021764
30.49944263724776
30.499089655867486
30.498634425343347
30.49897159339766
30.499467507440677
30.49929368885628
30.49895200101209
30.498761738925886
30.499629445049884
30.497633274500306
30.49707803459984
30.495469027635828
30.49663694685541
30.497051037464193
30.50835731489286
30.509347469681583
30.498893121378064
30.499119708452287
30.498537015077588
30.498606867270567
30.498180314846763
30.499340221421285
30.49950134648175
30.49953751605617
30.50032938596313
30.500155834749037
30.499777098459035
30.500034293011534
30.500548388991486
30.499687060818815
30.500632120200283
30.500780431401996
30.50100390522768
30.50137762717257
30.502150255928846
30.502289202949004
30.503413756423203
30.502880053756687
30.502430261889273
30.50323393019886
30.50368326843579
30.51171007565512
30.510877161814832
30.51038997020207
30.510617500313902
30.510877362553007
30.510264883653605
30.51091495037443
30.511847046579078
30.51273214504885
30.511796621601224
30.51299283870219
30.504984491356556
30.504625643487756
30.504382412719174
30.50362987463182
30.50422372783463
30.50487750270238
30.51634578593152
30.516532130760037
30.51638502064143
30.50556910113407
30.505257039518586
30.50496883693533
30.505341389862085
30.505336404350086
30.50590770980055
30.50584480552979
30.50598325023009
30.5051515701059
30.505268840041023
30.50514339303269
30.503729076644156
30.50350076762082
30.50316022813186
30.503293859077832
30.503535991494882
30.50337435887733
30.503240715824802
30.502949120491813
30.502653133663863
30.50240012875371
30.502060982648704
30.502264308256592
30.50209423882717
30.500390891803605
30.500997165058237
30.499622780339177
30.498656454039242
30.49847123826351
30.499294171635405
30.499430874236516
30.499770951962688
30.500953126783042
30.501064838607046
30.501183549472714
30.499953393177293
30.50025777339945
30.500230962490424
30.499674348243158
30.499441672293997
30.498402379773342
30.49823075259013
30.49721197034164
30.497966024592753
30.497494314480793
30.49775072762298
30.49849515520172
30.49857078571582
30.499088961743308
30.499112200444156
30.499411087641022
30.499923146411216
30.499572998682805
30.499643730465735
30.499515975677088
30.49860548406788
30.49888805048218
30.499090638259133
30.498605256815736
30.499097851053726
30.499984295788728
30.500171014579823
30.500495170082022
30.499658969279718
30.499126220572023
30.500207150729512
30.50058200758454
30.500779796680582
30.501913554124975
30.50183423727644
30.50263251185466
30.503728569384343
30.50432512625798
30.504585733227035
30.50447726641806
30.504090119418375
30.503815613842477
30.50426201589763
30.50400079066406
30.5034797701927
30.504995899513776
30.505064324819255
30.505781061591104
30.505412616169522
30.506079061865446
30.50567805529708
30.505640779120718
30.505134405412154
30.504993706086836
