91.06787296498504
88.14883329703142
78.69233642418492
78.89602101063991
72.55461993387556
70.32264933404142
67.63326229595293
63.6202399094278
64.82944678470082
58.40675730388367
59.03437392466005
59.27443098862134
54.55194952287867
50.50239311695799
51.01053060401154
51.32979108985879
51.85356106126541
50.45759765383573
49.03364628833613
41.72879358208986
47.20651521909117
48.200877840133444
49.66888355236088
46.72834442428997
48.16101364482678
43.90010515715324
44.83110658279947
44.066838468177224
43.54391927689117
42.11816297177385
44.2352186794047
44.480690744446804
42.23791066887064
41.69635956974245
42.247580359841415
41.020850392674504
40.153821941421
39.203290437156035
40.279917878757615
41.22593841376506
37.96509068308259
39.98183354644712
36.27248931004796
35.71867356267489
34.25066493659476
34.69215025132937
33.76619205142626
33.900204417786426
33.228879477606775
34.151129765274625
33.29091741664084
33.971974393733845
33.24073976955446
33.41070077030186
34.08785304248168
34.75771561446435
37.19453723732995
35.886011328303375
32.89919598261097
32.557020774508736
31.040116626557264
31.097294142648874
29.982370632051556
31.960175134884565
30.283053944122965
30.424006035547016
29.532421589042684
29.28770287744425
30.737537442253664
30.46076870497837
28.66850385900941
29.28926783015942
28.18854985069234
27.761740670302633
28.907885999451253
27.89609912269712
26.59489783771987
29.59309286752003
28.163191590668973
27.724914049330632
28.682328090153703
28.891205300662346
27.189960845365214
27.295684752777586
26.843250647311233
26.969191658776197
25.668929984861844
25.580675002212168
25.300772228196227
25.26717194716903
25.212165716065503
24.668553285908477
23.758233968111817
22.948741928826177
23.56543032762564
24.84119476720962
23.433896270941556
26.093964610431232
25.765905738290538
25.46841777734334
24.71384175784879
23.24646135082261
23.918779604829297
22.595958209091517
25.36421731947786
26.512588416001247
23.74338334144829
22.756072513974765
25.89636623276335
24.77726803536504
23.995981683579686
24.37589279207124
25.06464391986148
22.940958562513643
24.247872576954972
23.46360528103392
23.5762679388264
25.201851052053726
25.087641750046156
27.73728935550691
26.540369195887646
25.175504218197837
24.80926072331739
24.563964747678536
25.253317020597464
24.023010100864234
26.69496703548195
26.20464660802703
24.71968810985478
24.394188469717456
24.490305570387548
24.07003943617327
24.554667052391277
24.826505709871043
24.05794348179642
23.649070424888727
23.554717059856866
23.91951454002262
23.82883750950997
23.057063957865136
23.334671217897476
23.003855815016923
22.76622081136323
22.74636465021898
22.64550593880923
21.808854238430488
22.223512021057665
22.16610565812144
21.913854822945183
21.956127966341263
21.96121164626284
20.557083167645388
20.53800432563708
20.271188572474944
19.124798033957077
20.848515270807624
21.047150175148992
20.68327597680963
19.706543110767342
19.487961675293594
19.412170869700397
20.210524018406467
19.21648873262353
20.2508753457921
19.840553113837192
19.19284135955302
19.956723634871388
20.120307686575433
20.247989718601474
20.472309909117712
19.776875203787004
19.855813529001704
20.296876155853916
21.000698091170772
19.097284802343857
19.80118720237723
19.0443216678323
20.62309259352448
19.735975787393514
18.76671339820726
20.636679240973706
20.78139295946049
20.54265565035131
18.029317960753893
19.235567603643446
17.736604708458096
18.324390266668562
18.051161642533025
18.00725755151336
16.53637982332495
19.23118576818694
18.39431291049211
17.714548467844697
17.58820915745917
18.1292834131771
17.533886419683117
17.83205115574201
18.599560165962107
19.355976098757797
17.146116215047186
18.990696813460367
19.043513696204524
18.43851442597788
18.258088882124433
18.197635709614612
17.196505715830565
17.872475021050207
18.283837541410637
18.946124476644137
19.09063531026956
18.49637468722836
18.32989688841874
18.56741562745113
17.638360096711843
18.05299518935157
17.798781398287574
17.645232943777287
17.021760198964735
16.096109351328618
16.129831547111213
18.55243286354495
17.570840185403824
16.880663596657797
17.273047415901406
16.736218506306763
17.334416469367596
17.08524863888464
15.886359916379856
17.020764604826685
15.329491463823869
17.487881587464116
15.399602271197422
17.49205968484809
17.345044432821272
17.20086712551581
16.71045067045526
17.557620402506828
17.24422978483823
17.38650425035088
16.66537656613021
16.41494914782529
16.50091175140697
16.602680705738692
16.168586640846
16.049602034674464
16.17655281625921
15.955543003781358
16.652336247000463
16.52999156882644
16.02880956601894
16.527729585685993
15.94262626825361
15.822932371223875
16.71469398533621
16.636147753307153
16.509236770415022
16.60997326271066
16.391709109048154
15.921347301854121
16.668730500869003
15.52238286340129
16.23620520445328
15.132438550275774
16.00722058993337
14.928112580490584
15.839285890345392
15.724933431393106
15.612579806848117
15.525048699898884
15.396117947270067
14.780008902451916
14.92406269462737
14.831498151238783
14.77126707827672
14.656114775677386
14.797968499943984
14.18113603196154
14.410954821321566
13.837045439967417
13.756518545510884
13.133415183123493
13.689402940646975
13.943072209509776
13.393279417094167
14.066969517407571
13.982581121371936
13.996867904889747
13.913827054121368
14.301669008024701
14.416355541698984
13.640906792312197
13.756680376607738
13.676047597185843
13.4097603099624
13.054738991650602
12.653758525594117
12.531700734880522
12.533031802655085
13.063557948281264
13.341941754222205
12.261542489936105
12.196176492310554
12.037314417059257
12.068315214984748
13.020964539004746
11.943654305822065
11.771435446730674
12.466032531901146
13.389954410021767
12.212588252317337
11.957460017913997
12.084037862696837
12.75368740029238
12.226813610042639
12.162499360079853
12.09885674317582
12.03616242948171
11.974411130470635
11.045925931424152
11.440589476124535
11.749419251223703
12.42152831579305
11.76748253442337
10.995935253331583
10.947270947319247
10.899049409910155
10.851309923288902
10.804052567591922
10.75728308339891
10.710945401917714
11.313400507772853
11.261433768091884
11.209921659577414
11.239839325720814
11.911860049769421
11.987293580071228
11.088006175024821
11.038589754186185
11.923486879729904
10.941051586915597
11.518607146680345
10.845518435945582
11.406508273119298
10.751814857459387
10.705744313092035
11.3751842344378
11.319928567899806
11.26543505773932
11.559007075443715
12.146316046283125
11.449188868529049
11.393189470789402
11.339341144495494
11.894411934645499
11.506017220806354
11.863969970191762
11.803044572197438
11.743060840650033
11.6837983042097
12.713210703839867
12.644027770793874
12.50241230889773
12.436378627251724
12.371368789821407
12.30736571142205
12.244236595231364
12.089761567440217
11.185005664252817
12.036542194061271
11.81117131049344
11.718952067545729
10.784467928815683
10.772514765472986
10.725779742218403
10.64561008722086
10.63381710059046
10.427612410111808
10.511355310345209
10.467594572322609
10.414449934244189
10.412740103238937
10.370020472216183
10.327528993753788
10.906638380529618
10.858727503296405
11.197149518047539
11.145656874221075
10.12220372835618
10.082299864629519
10.627224960074125
10.582444914081707
11.718873341272248
11.663893682299706
11.27548974985277
10.675450190282032
10.631375821190705
11.458404747396195
9.672350000099367
9.634754753846847
11.210619181154385
11.16103511968584
11.112141492455343
10.373160309490189
11.788161457215317
11.732552839542416
11.677540633247109
11.623234847726556
11.569774293555554
11.697931802448378
10.919590709712596
10.696447019674732
11.312941274192715
9.803482719302945
9.76622665872481
9.729391708340327
9.692870039642198
9.656714284585302
11.02125112101786
10.972222213599265
10.923840970134851
10.876067837416514
11.595753705985928
10.669623539793662
9.415887961702067
11.16299849487654
11.114676925688029
11.066839001359204
11.019724238439832
10.973173177317886
10.92702112801685
10.881367682914147
10.83619769574811
11.178345324343173
11.129429284249937
11.26291627709779
11.21281205328951
11.795918019816078
10.903992339773744
10.857058351940545
10.81074473644085
10.319494813855544
10.277355897693317
10.235636307471504
10.194434143252819
10.153769023097867
10.113490968790929
11.135014737520715
10.034095963045017
9.783941128619714
9.426686972235087
9.393198748728366
9.865828048275421
9.828601846796783
8.65443451704105
8.816483784103944
8.601024438651512
9.346650682110967
9.816689244074006
9.487340454125205
10.425359131582828
8.454189685454205
8.428930609478366
8.40380748702512
9.337085784413842
10.520130197520103
10.185868083539544
10.146126720736971
9.202437401309856
9.010089221513548
9.137269667519712
9.105222104984211
8.792296582199885
9.323452130312143
9.559697582444615
9.41272941803211
9.379404860105225
9.272385453946514
10.026665680035663
9.58245895480774
10.569024081375304
9.529062478019057
9.92054948100857
9.920279451282536
10.8772436994038
11.075890991676525
9.470966730231053
10.413123271128459
10.960891025938713
10.789476168990149
8.83603675741264
8.272154296489642
9.375808348754333
9.470941904978124
9.240540172533938
10.166866668509593
10.128282257466338
9.148196023964635
10.739584418662652
10.407065705338908
9.978053785569399
8.959172014695442
9.334397009857426
8.764935156557096
8.737903125355011
9.055182384774392
9.131593615832688
8.657891628768555
8.631600288600703
8.605654285543926
8.874572389122703
10.171249856357889
8.963597798888275
8.935361855931511
8.90739328378428
8.879649023602223
8.852089886808242
9.020046349130679
9.887129370211479
9.853370014869865
9.819895025737239
10.414510701499106
9.75387257216793
9.474573985034025
10.373435803860524
9.834085316687307
9.79938001138293
10.70366084500457
10.735048835312194
10.213550362605538
9.529700250545146
9.498968673107626
9.583040919391221
9.6379253980826
10.12243016029288
10.086332276751135
9.793913404710691
10.549917858249602
10.984102561223128
10.620199138172538
9.904304386814184
9.86893057544923
9.534351061520239
9.037799547266378
9.656182811112794
9.623208753642839
9.590713529247099
10.622001835154519
10.581394356011462
10.541526635456894
10.5019933328225
9.618566907724803
9.586476500667235
9.55466594843655
9.523227426515842
9.1901614347043
9.161857966951363
9.133888899888582
10.250753713047756
9.958898551194219
9.050908917148677
9.159388212723446
8.10433343835529
9.205441051006503
9.175129814751953
9.144972911098899
9.115153500611164
9.085595327260341
8.988478083543214
8.959662990060885
8.930931480205281
8.953241120865675
8.072554849143444
9.144033833196906
9.11389149784983
8.58647776000835
8.560420383487719
8.534503195029892
8.508843532946385
8.980061438487818
8.95143477711929
8.923063577592908
8.895025771464121
8.867157367665532
8.839547703495517
8.798183618217012
8.698358494879233
7.762835986662589
8.773422876837298
9.20466683107616
7.70207324242041
7.462949609006435
8.45175784332321
9.050518990477412
8.19490049759134
9.518583916419937
10.35404076011803
9.660176851884197
9.96705458905968
10.241925702031256
10.205380973815702
10.037010678396706
9.097982510830311
9.06901989516244
9.040462333783687
9.012105058892287
8.984059030747742
9.14309919881335
9.113824327069636
9.084700027403969
9.055814920205913
9.79729568430138
8.998886192336046
8.970809789097396
9.63787730814449
8.915436640194661
8.88812086183722
8.923228331927714
8.896222051355466
8.869473699279993
8.842974933565609
9.794962905985136
9.841050485451643
9.808559353945245
9.776476122866738
9.645499782394015
9.553777241219455
9.523621038587983
9.49374746625519
9.554597292706351
9.356591405830224
9.559318901503692
9.529386105675421
9.436717895351132
8.746808114020274
9.292348796151819
8.33315882455791
9.236890760906562
8.286240032273842
8.263127217741207
9.124982414480623
8.217322482081862
8.194670112607271
8.172176499784692
8.504421073756907
8.481169051788283
8.284604547711014
8.31385369680805
8.29206445189049
8.270442534633883
8.248968059583069
9.391980792629111
8.206368675993684
8.18534436880111
7.82065171400218
9.007478302673952
8.982055521959483
7.7618959409325194
9.193993174710398
9.166611694689664
9.139548520328924
9.431527851326603
9.403076068949428
8.297899844542302
8.690476459981296
8.277216574765244
7.076706621630532
8.293714746136098
9.13661319644741
9.109757364034389
9.0830520038726
9.056552084116186
9.006856471537022
9.148482964763426
7.977649377466786
7.0710910698303735
8.196997653982164
8.111797483117188
8.067055085043505
7.968501078885589
9.79627601747694
9.765197334844263
7.907266572579644
7.580953116158008
8.657695156791414
7.544059063437347
7.513599301272992
7.507580288656476
8.554349841683187
8.234345032938966
7.770055322464203
8.598868589504889
7.746911646484835
8.032111390395167
8.013016516363672
8.905150660886717
8.076755419924329
9.54991387466015
8.757556888360016
9.491793898469288
9.463133155146787
9.276611804961528
9.249270881518123
9.22225002999932
9.195488472498537
9.16893774997806
9.142566348984017
8.396818178650603
9.76465557407193
9.734474717486973
9.039143644622133
9.013799268535358
9.64547342079399
9.616434477495025
9.053041228584606
9.027806333785618
9.002687311694656
9.292525140172284
8.635879584442748
7.4581992183390176
7.441515172210471
7.424915787470322
8.784316164856145
7.904410362000493
7.375679497280973
9.081810576881002
8.773050062705558
8.873628607285735
9.011269965504779
8.986728153056893
8.962351755180174
8.256686261060521
8.236286295065867
8.830802509692496
7.616977628153667
8.243501196955572
8.147933364277483
8.128230600407113
8.108569741548134
8.808990491216491
8.785839865931122
9.15888264906072
8.580407525424244
8.558831136009088
8.537355943122106
8.516020471485207
8.494901340660938
8.473902496807503
8.452964206932812
8.62498420729282
8.60287774374532
9.107888991543328
8.559287725749973
8.548773675216005
9.04293902325265
8.494818679403583
9.347495542205952
9.320441046889393
9.30463818571223
8.768803884334199
9.240403461017078
8.875699391637163
9.033749588833334
9.00910402870274
9.285656848065093
9.271498278760118
9.244962408808142
9.218777152507325
9.192771464471518
9.166846465408643
9.141131042411098
9.115693574051198
9.080429511074087
9.055446447188725
9.34084535541231
9.313644446215726
9.286741265878904
9.260050114408273
9.233637835102115
9.207438105653404
9.181414226204803
9.155543781889428
8.854563782021819
7.804760683945155
8.803958474785947
8.361247184793777
8.065431518399306
8.325167755028373
7.390983101724667
7.035463978527335
7.021810402339368
7.671394616176144
6.994644512050648
7.801469085070697
7.75119494771315
8.894728283912915
8.871203461295652
8.170942268368032
8.150973034396404
8.131136815649583
8.111499132409497
8.091969856697492
8.515515868917094
8.688572419220051
8.666145984720508
8.206310959636152
8.185951527327273
8.165770655986362
8.145752032036377
8.125806145362338
8.106141169011423
8.086501431754987
8.066985709601035
7.547594925480564
7.531192129675305
7.514874189288812
7.498582176051267
7.164857951419344
7.466392352325572
7.450479921699409
7.434627584333597
7.82942204491053
7.812153733623591
7.794998420832282
7.864193828162151
8.250519602729273
8.231134179542137
7.810569579969332
7.719766537629826
8.100986574283505
7.685765247416348
8.13598591907544
8.117295094469451
8.098754185842866
8.080299240319583
8.061967416249413
8.207302713356029
8.118840484501943
8.100123320017364
8.081522137394666
8.063022285712014
8.044684051296363
8.026472685782648
8.008327599754345
7.615472496043016
7.599274925329961
7.5831617817449235
7.567173587233761
7.990612302874936
7.972709711824483
7.5197262412624
8.174122392062278
7.93705884218847
8.094544673776957
8.075962345691147
8.057514000553363
8.039141468842987
8.020918722986808
7.340834269732457
8.269466036971732
7.311422154613127
7.296797079045669
7.282306558960213
7.2678762441353815
7.839536284437536
7.8226233195723065
7.805808061319399
7.789067301481739
7.012664899743293
7.226511368200611
7.167831037520264
7.198699878770827
7.184866073781514
7.171170987655481
7.157436372282611
7.143783448574514
7.130224462134177
7.116725308608324
7.169330605519132
7.155583924134113
7.141945166729238
7.128307391527175
7.1147616295221
7.101306326979265
7.087928804072383
7.074575497215004
7.061274896360852
7.048085734703884
7.034921133234481
7.021838058161681
7.008821759943728
7.692182760822971
7.075410427110801
7.2747058691940065
8.110397521276523
8.091617709848663
7.72607957322395
7.303420499339327
7.693667325032904
7.677621742492537
7.26031487536662
7.69704706544173
7.629877540703157
7.217892067360233
7.649023190062676
7.633236210370545
7.617511681365984
7.703047352895591
8.501668572362767
8.381434861544523
8.361888430894302
8.44146874406014
8.323284921652188
8.362706276504564
8.613204083490858
8.631430401687167
8.61043508229506
8.589602083302408
7.793932500983664
8.54832563226066
7.760352158439382
8.507557585210222
7.743186508843805
8.475210008552049
8.455266442855972
8.265052283028629
7.411897744099396
7.4933457629638305
7.478416004618417
6.742706974527561
6.731414060827635
7.8223428205016505
7.080324736550445
6.69768384624933
7.405726850071425
6.923894198183474
7.624582793780372
7.60933360606474
7.348920392302568
6.8123803733962935
6.257603522763727
6.910371105278749
6.898204068174142
6.907705373473427
6.857745858088027
6.805569284596158
6.772313956299551
7.507614837370179
7.4917903653513
7.516087906125881
7.500449790534737
7.484926376847952
8.317134792262268
8.297943610537807
8.278895005927838
8.259966930073734
8.241144495153426
8.22247306574194
8.203826242472447
8.18538997383292
8.167116651714831
8.14885898203439
8.13077955648037
8.112837203714243
8.09492698708316
8.077165464199277
8.059553098238725
8.042017923535091
8.024611238841908
7.700989728883734
7.685537022964674
7.670134615169735
7.6547416149852445
7.639548043493957
7.624396180116189
7.54514480277448
6.829948622095992
8.278568857462897
7.503411634303959
7.489656006886405
7.475983091247992
7.462351524555105
8.142834829736657
8.126669825325417
8.110586252141507
8.094582855235487
7.395185681473906
7.381929130863714
7.3687169196611135
7.355540048076615
7.3424613021795695
7.329433973704037
7.739233582564401
7.303577738721555
7.290750116784011
7.693876534017771
7.265218235998636
7.252541862844518
7.649300832481991
7.227416829170943
7.619956057104595
