179.3235464990955
171.00717131719227
164.88355317176106
161.37246846307687
160.0854643989467
157.69690620493802
156.9154663607447
156.38243377986458
155.52899960466834
154.55680776554266
154.02034029130462
153.04637516048763
153.2855662400146
153.16300676884694
152.42670296538944
152.13707881622707
152.28626184248455
152.02941202003876
151.4827750586181
151.56859849713632
151.29875575312175
151.2222150889717
151.3388490941307
151.35673835492256
151.16123236595678
151.0047511271641
150.47315551423878
150.4450825396855
150.39267708447332
150.32655244329248
150.703858986501
150.40055190689608
150.7471267776078
150.469491146102
150.30314655397382
150.34270648707567
150.32284081847422
150.24523932755216
150.35279072570404
150.31768837712394
150.49199705207627
150.2926510577145
150.06697190425103
150.04930004697204
149.9289928366087
149.79912700367865
149.89954294155163
149.63649394063665
149.70889803457334
150.01192951655338
149.94579269786948
149.6749709100248
149.85012538055855
149.7091132009426
149.93542115444566
149.98601701675238
149.9405169219901
149.93573539781315
149.89523889817445
149.93942494286964
149.7951952434173
149.7940352770579
149.68887087864474
149.65245626875372
149.67016942493058
149.69956054004246
149.70222091561962
149.82845347480787
149.91356823399704
149.81113182142875
149.8657189360438
149.95215153207513
149.8351955652464
149.80238845473767
149.69560678400552
149.7864235772202
149.66509867634616
149.72216674247966
149.64169817336784
149.47821379536398
149.47079120115106
149.53929709970092
149.45343147949075
149.52833697130316
149.45161905852612
149.4003843157129
149.53158335702662
149.4442997829026
149.246264109931
149.280966432773
149.30207477219446
149.31613078227625
149.4007322037071
149.35830322025373
149.4306617871039
149.35842019769436
149.23533716064904
149.3971534493121
149.32341620895218
149.31186384642504
149.2926492197356
149.462008696398
149.49917539944028
149.40011343778457
149.38618388081568
149.36026301715248
149.36374054837026
149.29570103325946
149.2972740874982
149.4100771781032
149.3224373042921
149.2629946731011
149.2256166035474
149.24084272379955
149.2591471634602
149.28792016444692
149.21579942339085
149.25783143605022
149.22104254844672
149.22129519370122
149.2638958118014
149.2250210322838
149.11185517155283
149.14017538818
149.2500094345504
149.19057587845413
149.13781895743693
149.16870659829667
149.149208905506
149.1116713030421
149.1228874049497
149.18917948884538
149.26597376687414
149.1795709898872
149.1965798738328
149.1677020125087
149.22844709525137
149.2639662007752
149.1828012114711
149.18938215548863
149.17599297487013
149.21574671338195
149.247477442606
149.14482978940572
149.2377103369289
149.24663989139694
149.2503919691324
149.18865026736293
149.162401352498
149.11537732295903
149.13695787237896
149.09306063071904
149.1371751048655
149.1141309530998
149.06909027125675
149.10417088465522
149.07702786663558
149.01504321984822
149.12697230089694
149.12397140831183
149.09232124555732
149.20370609782628
149.0993501082695
149.08184375483452
149.1457034395227
149.12128088919172
149.13093361241926
149.16435485452527
149.07616498701324
149.06629587449626
149.06011780254596
149.06501247136595
149.10887187870688
149.12019998378634
149.08552898129463
149.05137384020657
149.07085924001495
148.93168770109324
149.00186208469123
149.09433627360656
149.06122004295887
149.04089126029803
149.05906696608858
149.0187557957625
149.0733428649242
149.02995537991737
148.99788250962288
148.96900106794453
148.97086089896004
148.9446254877904
148.95967260011932
148.92587198505743
148.9389448817445
148.94095862898595
148.97355478370469
148.9210705431639
148.97871329050477
149.01912815479952
149.02954693562992
149.01764082588969
148.96111833503744
149.0015747590566
148.96297653574763
149.0347923654228
149.0114986763662
149.02387362846548
148.9685177528281
149.00581920002207
148.9988090903938
149.0098745155386
149.03776010302758
149.0057236047782
149.02050269601412
149.06138693092103
149.06055784167395
149.06632193000794
149.02940843319547
149.03321566284285
149.02133744594994
149.00937575530932
148.96012280254266
148.92289200313144
148.99157746487006
148.98832123654233
148.9694779823534
148.94888975755683
148.96450867098605
148.96876297360217
148.97616301892617
148.9979418632015
148.99104220305819
148.9468675784871
148.96277963246615
148.97825550010555
148.99378315745955
148.88807954365203
148.93957099468346
148.94501002718897
148.95002755680412
148.96874319251776
148.93114998471773
148.96435580036373
148.97462322459504
148.97863550459047
148.98566912636375
148.98570721782158
148.98978417008627
149.00283211216802
148.99246548425342
148.99302946417816
148.98236091637924
148.9902445961328
148.9749061077579
148.99292504770915
149.03179416095634
149.022023789118
148.96978521614278
148.96021538550266
148.957361610334
148.938946580351
148.91095875630953
148.9366517417853
149.0065849118263
148.9773461251175
148.987365266447
148.9743580822633
148.9732621382769
148.97498425384742
149.01072503517332
148.95662615668405
148.9833803733025
149.00889565220004
149.00945477884395
148.96320691338067
148.99689033608507
148.9271950831936
148.92551791853782
148.93583479026478
148.959296872489
148.96710849764432
148.96640155887195
148.95891826559125
148.94429757620318
148.9196348530576
148.93000204695537
148.94514763970767
148.942120923306
148.93563802975788
148.92310711058983
148.9543263142358
148.96938187429467
148.94438139912293
148.95908324128905
149.0041209709085
149.04714546409178
149.03924911123983
149.05638487386176
149.01690594356646
149.01372289176126
149.04258924454206
149.04517525036508
149.0237147267919
149.03468267887763
149.02904094383334
149.03274906559582
149.0315815637631
149.00908749083717
149.0176260682007
149.0176973417576
149.0249580770027
149.03511069319742
149.01996905095245
149.02745896949784
148.99295809763987
148.98951990385157
148.96778887827537
148.9877573375309
148.97762222063193
148.96964612231162
148.96872917241217
148.97823862964847
148.9931771646374
149.02159361600104
149.0217024133226
149.02849978329914
149.02586340372534
149.01782550363149
149.01413449827362
149.0373371090359
149.0313991761676
149.0129200061401
149.02025688523702
149.01678773758135
149.0111435291919
149.00853219844186
148.9839399919668
149.00051053772015
148.99263024822602
148.9944622823964
149.0017551553885
149.0018803868544
149.03935843527802
149.03222207627067
149.03369734820254
149.04984559594445
149.04491247479334
149.0529998929298
149.0537526786853
149.05446431159433
149.05857628349779
149.0519846765434
149.06452178242986
149.05375254684787
149.05230281274723
149.0375505481172
149.0381366427468
149.03850861558894
149.03922387960964
149.04801887346102
149.04132245741448
149.04617189718584
149.04896237595463
149.05411999119684
149.04147968708065
149.04774347745192
149.04545775643786
149.04995127392812
149.0498420885966
149.05559567077734
149.00513354670136
149.06178686114498
149.02734354450524
149.01451348178972
149.01517339140662
149.0086592868905
149.00939164999554
149.00313757837546
149.00489181863813
149.00762855567265
149.0125757977402
148.99223819584617
148.98849706325052
149.0085474864147
149.00565833901663
149.00319609323532
148.9848269397807
148.99039547913716
148.99134962797223
148.98155053888556
148.99118372396134
148.99325090794238
148.98333584250756
148.9803302415201
148.98511590848474
148.98650191215606
148.97794298365508
148.97986136179824
148.9798769398975
148.9800566944885
148.96309252686945
148.96287752060388
148.95977953770708
148.96903515561903
148.9685777905022
148.9610464244711
148.94247221264482
148.94195302038315
148.9406792651402
148.9422733756562
148.96077405634128
148.96586687705408
148.89368437886182
148.90085903265475
148.90285738506384
148.90299545013738
148.908949356752
148.90748445199637
148.8958891125905
148.89014430225728
148.91017688210766
148.90502265366743
148.89915139239238
148.90432555792546
148.90640270136402
148.8911190193454
148.89598430593668
148.89286358451452
148.90358729875982
148.9049999558015
148.90452362168418
148.911118145628
148.92014461061942
148.92636666313095
148.915620645837
148.93209946431392
148.93550328485262
148.92265403944435
148.89730780218795
148.90426434321873
148.90213448786875
148.92210007068772
148.91822830007416
148.8945094245936
148.9006587178928
148.89418835260702
148.89301298949817
148.88055170371086
148.88813880391245
148.89345137991026
148.9043386434405
148.929296995101
148.92936611263897
148.92320254341107
148.90814935698748
148.90747542475296
148.91208868511183
148.92280937710694
148.9141874228233
148.93026654841225
148.9246933736406
148.93155973920838
148.9437896383828
148.95282666429895
148.9102766790496
148.92582369282326
148.92957479496678
148.91915542657398
148.9120734999681
148.94171601387401
148.94545868366612
148.9408603663095
148.9502933706326
148.95347883698028
148.97642513843252
148.97128688956337
148.97220512274188
148.9737423941598
148.95724145903282
148.95383193533715
148.95838073892617
148.95647367004162
148.97569337906597
148.9712627046306
148.97586300735608
148.9769871130122
148.9949341320209
148.96062843952873
148.95956328741153
148.95999110565307
148.9498929796495
148.96972092502784
148.94890582637026
148.95014631149343
148.94032578821304
148.96571607471375
148.97780832617025
148.98454156609938
148.9834003339755
148.9743982839259
148.97177749700913
148.9710748276383
148.9695688691587
148.92578308678253
148.95931376900444
148.92277601412354
148.95672252615836
148.93571106347625
148.9225659513473
148.92046737735146
148.91725766197624
148.92504696653793
148.94950202561532
148.94446980478176
148.94942204814782
148.91042999530953
148.940145376079
148.94592679798467
148.96617287578312
148.93932100846567
148.92348132050535
148.9506753877928
148.94977787135096
148.9429618278934
148.91338981464116
148.91043916894282
148.90684496658702
148.90204370397677
148.93929497319658
148.95032149444305
148.94308391192033
148.95700235145372
148.9377031513058
148.93931214149944
148.95204901635952
148.95971973290776
148.93314516496736
148.9360084226663
148.977111311485
148.96490221046187
148.924218854575
148.92425858585554
148.9256377776057
148.97476058145986
148.96258877341492
148.98334621512154
148.98887715474075
148.96368212681364
148.96766798594945
148.98598758262582
148.9877646716665
148.99214434875248
148.99561788644561
148.993743146379
148.98568885393829
148.96993517368682
148.9686129658219
148.97192254109405
148.9626673435869
148.96188277971214
148.93139637940152
148.96901863596585
148.9381775415606
148.94248275401227
148.97126844344814
148.9453761063597
148.98613383692359
148.9824068406244
148.97998644156112
148.95230881022619
148.9560285967412
148.95153238538086
148.95561293644354
148.96125822257795
148.9617238649552
148.93148577188865
148.93399570892106
148.93797118705106
148.97949739518353
148.9678064822365
148.96787797237917
149.00061440873054
149.00173657846886
148.9996593019185
149.0353581361651
149.0393451859696
149.04153352634685
149.01014459964236
149.0173297363739
149.04748648765622
149.01842584424685
148.98643030743713
148.98555167740324
148.98814315281408
148.99271286088026
148.9907092365787
149.00928171508548
149.04556651274555
149.02098799844606
148.99008204273298
148.99586523157672
149.02775623718026
149.01893837185415
149.04983174678682
148.99471123705135
148.9945726042284
149.00012008101282
148.99995503138803
148.98005665532804
148.9578787801969
148.95802535472288
148.94303064692676
148.95403971279293
148.9611858207851
148.95819450058445
148.95968891140538
148.9653462623373
148.99034595193075
148.99096068212108
148.9910411378451
148.98958939631402
148.99705304728522
148.99462140745456
148.97789938169646
148.98205082132787
149.0038125369993
148.99672599701412
148.9983096089931
148.99670780600653
149.01270442857643
149.00432476438803
149.0058795518715
149.00391471739496
148.9937767264179
148.981188012613
148.97937347883726
148.98131793003057
148.9853512966652
148.9811400329172
149.00387579907343
148.96390305245902
148.96247779925667
148.96234119463693
148.95837187807268
148.96369939402487
148.96615832634424
148.9498831541018
148.9503164919371
148.95073454997768
148.95065704955553
148.9478481767708
148.96220350978078
148.95550361265714
148.95295862220635
148.9518394304367
148.97252033253665
148.97205235575709
148.9532069127369
148.96653141069183
148.96689164964528
148.9623417024045
148.96012945426762
148.94529602630848
148.9454501644531
148.944603695275
148.94216218311985
148.92465396047038
148.94429610334913
148.94836768066995
148.9409025287655
148.9474665122249
148.92955730168873
148.91060612371106
148.9475434926334
148.93393209566182
148.90772471073348
148.90606140619226
148.90646733998534
148.91814548284847
148.9133052281192
148.91908178932337
148.90281325600577
148.8977486761755
148.9180064485174
148.89581569137658
148.89972525461738
148.90727371638826
148.90669464104752
148.9117779944249
148.91079653949308
148.91309646994398
148.9507972232074
148.94918859148774
148.9296630130258
148.92850008630933
148.92538881942698
148.93021889383033
148.93128854723543
148.9169107029432
148.93481215033603
148.9405211005712
148.9415908411767
148.9394925179256
148.93601655028576
148.93897018258775
148.93870837628097
148.94096925550954
148.9386286626908
148.9400395349947
148.93543524794782
148.93825804108306
148.9356774558886
148.94127843627663
148.94109276534468
148.94233965151085
148.9400610453029
148.94101302550786
148.94007630040255
148.9396365099215
148.94090945426734
148.93965815285873
148.94199445737712
148.9457522881638
148.94355633431798
148.94158371730006
148.93947357938188
148.94059032373906
148.94035314708373
148.93995121758027
148.93807845350992
148.94039423950844
148.93943999706178
148.938913719145
148.9443665204064
148.9468862976071
148.94818534849009
148.94972846285933
148.9471241676085
148.95071511486026
148.94962624941675
148.95529576664478
148.9577810609454
148.95249057872138
148.95205569171156
148.95250674633976
148.95852659651862
148.9635864868218
148.9627901524219
148.9573182388856
148.9567139567547
148.95402683140895
148.95106508210677
148.95471465150723
148.951578793081
148.95560915802716
148.96293857164187
148.9614907381213
148.95726229389376
148.95645548632035
148.95848764807886
148.95928322428492
148.96183330191545
148.95957416600996
148.95877900835214
148.95545607604532
148.9497445867962
148.949053744411
148.9445548599013
148.94525214780134
148.95123356129605
148.9491390036959
148.95136004175467
148.9862941520226
148.9854161661778
148.98286940449282
148.98229162068756
148.97692892484227
148.97720041679605
148.9778359129515
148.94065422509738
148.9767376357972
148.9778020464965
148.9774379340546
148.97394778759494
148.97708006268547
148.97230707325724
148.97403544141952
148.9750199032174
148.96268998932473
148.96490045651592
148.9669200765707
148.97156969571535
148.97004589590216
148.97216058959012
148.98339744122296
148.98102758815804
148.98512068446803
148.98664069329257
148.98975809304832
148.9998296342639
148.9830568353457
148.98767525300443
148.98198374291044
148.98152711236528
148.98115989129852
148.9870447823067
148.99070649507587
148.99026673412214
148.99013035124025
148.9939427849042
148.994078659167
148.99826682613926
149.00049811230332
149.0023934998811
148.99521289731544
149.00412243299527
148.9992385038713
148.97453750448543
148.9744721850269
148.97573069559968
148.97092183505808
148.9726481393726
148.97282681231673
148.97374945908774
148.96911973046122
148.97399222890792
148.97407445653283
148.9698472717489
148.9711312348141
148.97049261015204
148.97582288664967
148.97452717921553
148.97547661560347
148.97384996979642
149.000378863199
148.99957660845257
148.9992406572341
148.9987953788285
148.99537784944886
148.99026745769947
148.99345766795344
148.98767360160346
148.9926608475114
148.98411341105506
148.98791859084554
148.9888215131659
148.98725404704072
148.98714116017013
148.9859855753408
148.9851320007403
148.98451219368653
148.98690992540298
148.98623392488128
148.98404692170752
148.9859915272562
148.98712769471612
148.9886582495555
148.9867568538675
148.98640917636573
148.98948818595102
148.98848521729653
148.99029559245355
148.98629995302275
148.9890958546916
148.98821989204936
148.98760064826715
148.9811508906235
148.9823483888133
148.98371097126858
148.9915713062548
148.9900009438143
148.9833139007339
148.97953269826326
148.9797624330368
148.98240597153298
148.98301247070702
148.97933925676216
148.9795638185483
148.9780320782602
148.9719117562895
148.97279488234255
148.97324580691034
148.9710647556595
148.97147482042053
148.96777756604328
148.9621998011649
148.96435941141578
148.96418345751442
148.96454205324127
148.96367727626537
148.96063071480995
148.96124035964243
148.96490151853502
148.96312708077693
148.96245060425142
148.96378551653666
148.96551110802827
148.96743793780445
148.96635719719671
148.96901650864453
148.96997240022088
148.97387916972417
148.9762095386835
148.97751779383893
148.97395268927846
148.97084956059746
148.96694913430375
148.96412509989696
148.96063447176832
148.96265350834813
148.9635695856106
148.97117591157124
148.97099238137537
148.96090228239277
148.9601319905242
148.96154522725507
148.96007059862174
148.96469445395778
148.95065720336837
148.95527129444392
148.95836011674788
148.9552546657099
148.95308336409744
148.9562151666098
148.95402165762036
148.95304063901173
148.95734040395286
148.95841903985544
148.97469541268657
148.98043226808142
148.97901783342053
148.9809541618748
148.98032863683648
148.9812369503719
148.9788144997577
148.98032182860814
148.98146927746242
148.98502725015842
148.9840380411851
148.98306179797044
148.98094792501112
148.98064010375944
148.98549924653747
148.9857712337847
148.99252201208463
148.9926763015044
148.98886166322796
148.99040425878087
148.9892326802674
148.98496572654906
148.98277806367608
148.98097170415593
148.9827919604553
148.983547124068
148.98981254623448
148.98732792606734
148.9876295539914
148.98811505879084
148.99253963655326
148.98990475341265
148.99059753950846
148.991541894262
148.99265460174334
148.99544856929927
148.99611861952968
148.99826007560463
148.99607521938594
148.9945521292731
148.98557635996818
148.9933576175923
148.99535938596026
148.99057627254228
148.9896082624569
148.99081868007767
148.99164939568968
148.98378661482846
148.98434778579943
148.98400288951984
148.98477883615112
148.9798132803848
148.9827316380273
148.98938675432845
148.9913449165136
148.98233582962533
148.98185474099972
148.980961076912
148.9841522706952
148.9823143155694
148.98270680880108
148.98434683500133
148.9825908890777
148.98296194178556
148.9850864049861
148.98643841553624
148.9847044480907
148.98193834353395
148.9803207734363
148.97982671514876
148.97828599994335
148.98016061186283
148.97851661459322
