227.33955597878955
225.60983240987198
222.0370056162621
215.01113347666458
213.23441147241783
210.98011979565402
211.2258639131991
210.70605597806647
209.09579945360582
206.09650749438518
205.74518315062224
204.12366644139627
204.05331181409784
203.6687121867328
201.99006006501313
202.2036276797147
202.49986804200313
201.25966869674042
200.74775619015014
200.86509492365116
201.03722538331712
200.78260444308387
201.12047387392096
200.8381066820192
199.8617044878879
200.24904167351323
200.56213180848928
200.62873083837192
200.85140219265696
200.9142186348782
200.6757967866436
200.79239470981886
201.0464771460018
201.26397685063338
200.74770252938188
200.722218893945
200.55062480578655
200.20281652795228
199.21746565491196
199.65301701572247
199.31702369327311
199.9441515903621
199.75223981871534
199.6913970918031
199.44093620286438
199.37457200492298
199.17800292696
199.09869887510052
199.21174933671736
199.22491556454665
198.92944625813834
199.12614042508707
198.82866643037556
198.58762438391173
198.75390368858632
198.85856145162464
198.67652305851254
198.5469872905838
198.53792034191704
198.8338314388832
198.68970198675643
198.42824755552974
198.29312954064073
198.00351656111096
198.37053271624873
198.55061508875
198.38595327612146
198.2492535643019
198.7863516448222
198.44315383398452
198.32188680456395
198.62164520499653
198.33458568698128
198.3913461025536
198.58119690240588
198.4698353438807
198.14884289947952
198.59136374445353
198.3665110876393
198.45915659341838
198.32339165287172
198.54018868882554
198.47462646120778
198.43601782944816
198.39994279709234
198.40710022536297
198.05520891271905
198.07329642002782
198.25289796523668
198.37815728131048
197.96369529158525
197.925547324119
197.94541872381157
197.86559033821516
197.93074067345137
197.92195537977187
197.85255202296332
197.9394382110937
197.87833201191933
198.01985627846983
198.0749319645891
198.08035820923254
197.94814319297626
197.86930713077285
198.10760712300564
198.08832876425237
197.85584254012113
198.0164149893009
197.9018811908391
197.83525061871856
197.83287989256797
197.65937608473172
197.68473819856752
197.72493055721057
197.78562621827194
197.776035427715
197.66057887526392
197.6068478975259
197.65442910208193
197.50158261838257
197.51147660303025
197.52203363151995
197.67427724304358
197.62660353670663
197.5324465884427
197.39432131174655
197.6071136567373
197.50249252632597
197.6026209275006
197.5178510649044
197.3019262243194
197.13556174909198
197.22953966852776
197.30781676525984
197.26066996373095
197.18958574486197
197.2851850040037
197.41448236559825
197.54538446762788
197.46867482601613
197.34469830109606
197.36455889002508
197.55155059053894
197.54738358766647
197.54849619008604
197.53282830744791
197.47637481450826
197.42128216203284
197.43406442877264
197.54680611446756
197.40379453583876
197.37771013171243
197.3364256673712
197.52253129337024
197.46713455026446
197.40878643348097
197.44858393307248
197.22176824963918
197.28991327200964
197.2335127855784
197.2981314082592
197.31855647328234
197.36560771512094
197.47582983453012
197.48943144455816
197.46413662567932
197.46986884040086
197.56611442976512
197.53178895717616
197.6191556281448
197.57454045002552
197.56239605766064
197.3771033459495
197.407874669058
197.424046462469
197.3955906383744
197.42380351253
197.3441547328562
197.31196775301518
197.32877699000557
197.35317194711175
197.26889589412102
197.2442022041227
197.3194939534013
197.32376274245019
197.24922776286982
197.29187223440687
197.38773957023045
197.3046831211727
197.32987778359092
197.22287307178493
197.2253033814765
197.35409993804217
197.2164403855619
197.16914146204468
197.17976594052774
197.16015756059693
197.16174205659965
197.11116424178292
197.1101159677141
197.08738638137748
197.102225855238
197.0871956912659
197.0623215861682
197.08792531377634
197.08256481736828
197.05587748966582
197.07926652738527
197.05846803974546
197.01243974665775
197.07563581702857
197.04451360656932
196.98157451703355
196.95049981638218
196.9412584113936
197.01279158682092
196.95262578555975
196.9234867592959
196.92723186283828
196.97678581843445
196.9234113136509
196.97607031161942
196.93394493062146
196.91383175679348
196.86295710773183
196.90764269812811
196.86507234583328
196.83364040212714
196.84513447458963
196.8766407583639
196.87426663900823
196.86267169044993
196.76584147071694
196.77461364731093
196.78049024050136
196.90766315407095
196.9413007740423
196.82821647960563
196.8816148448065
196.8793071615357
196.83041807084874
196.84089831370085
196.84469749660911
196.8145508222294
196.82694025823815
196.83303018471443
196.85519365903136
196.84494762328674
196.81102163532026
196.8108845063942
196.8108148874557
196.8273310578718
196.7741843700038
196.79514423370193
196.8189165241461
196.84028557471268
196.7845300897082
196.81595122889033
196.89063928052113
196.8931533077031
196.83216074026072
196.91831962600295
196.90848931496657
196.94442293367476
196.90128375410913
196.8442503634546
196.83879670685852
196.83185770528246
196.8361807117445
196.81853030123935
196.83018812764197
196.87465926211019
196.8715633071981
196.8696118621742
196.86996688870462
196.87031699718904
196.8608822797457
196.8718271947239
196.84797491561773
196.80174216744743
196.7259115723608
196.79304856794147
196.79374327570798
196.84838363838523
196.8813208988402
196.87417906366716
196.87820839013133
196.84678848715515
196.84796300842717
196.8453696410742
196.84312069014368
196.87309772187967
196.86784161770169
196.86403540170323
196.8649395024974
196.82915749661433
196.87664876525167
196.87383932372992
196.88835379792124
196.9084609500297
196.94043087448006
196.94718520791383
196.94993050470575
196.96111417539348
196.94011850429226
196.96802912221003
196.93362931702183
196.9812069692355
196.95770658147077
196.92746764653597
196.94373008538233
196.92484895099733
196.9099847654943
196.9213703593314
196.92919027819596
196.9266195243911
196.89450703586596
196.87291900612243
196.9086375818044
196.9078653144314
196.89804433407338
196.91353021222918
196.86862417283743
196.85125312147142
196.83791336997263
196.84884846052475
196.85149854028154
196.87564828645716
196.85699827141644
196.84781771093498
196.84198815469014
196.8110972567977
196.78475102113987
196.78884587804748
196.7681328760818
196.75683197240488
196.78086682898874
196.76031098499945
196.80306161064854
196.81326530704348
196.75565689737684
196.83645409494846
196.79782909878955
196.75938248698353
196.7935827802138
196.7749980614413
196.77088374486496
196.74137357728145
196.75173550827583
196.72846285191443
196.72915257980262
196.73030731898774
196.7629264688399
196.7619611177157
196.75454644728845
196.7459347095634
196.7912304003383
196.7781842458996
196.7695150999794
196.76865635352834
196.7520034933801
196.7674650672639
196.7648757318532
196.72977961949613
196.71689478666107
196.70092865371603
196.69572837846817
196.71170465028436
196.72086195715175
196.70964893075256
196.7090275757989
196.70069031996942
196.69528679925241
196.71115563204165
196.706772689101
196.70167288405864
196.69495739125168
196.71540244234706
196.70968102013637
196.6850646791103
196.68527179377355
196.70480304672643
196.70643434476304
196.70878447149124
196.6896130674694
196.66456033856596
196.67225237802214
196.70118620930555
196.66684241253054
196.66009620209928
196.64677127268422
196.6433774287871
196.63798995570744
196.6526076587528
196.65859937264375
196.67125980281298
196.6654637260944
196.67296375383748
196.7087872166558
196.6996342818296
196.6965156889399
196.7070816091165
196.72457449372612
196.71616698685708
196.72818665370602
196.75515516108922
196.73502555882462
196.73484413175052
196.76882170928155
196.7514653274068
196.7543329879923
196.760375110545
196.76584145021263
196.76253529570013
196.75706501062763
196.72908593269446
196.71142105509847
196.71330701656794
196.69387758931748
196.6904291517727
196.68624262038804
196.7421196108517
196.71021594043248
196.7466761405189
196.72319949687486
196.73565448158342
196.73272071671585
196.72608595169558
196.73271311976126
196.73368251279965
196.72433749366726
196.7169741806875
196.72303433783742
196.7342744141276
196.7342620576355
196.72030699738514
196.75884569576505
196.71573633319755
196.72553651763607
196.73277568645227
196.7388739800509
196.73547539611403
196.7335921024694
196.71934357512652
196.7282335938056
196.68056371425104
196.6869061912904
196.68474844909335
196.7049680930828
196.70543691457607
196.70585515535578
196.7214687081585
196.71882183173477
196.72210025303596
196.72424638970304
196.7153208520222
196.71818226299283
196.72438832848863
196.72421082687637
196.72308533302316
196.72390706087802
196.73107688439143
196.7422584414314
196.75068158777862
196.7491148632112
196.74020993641832
196.73351646939608
196.73594253968108
196.7489478589901
196.7451671873041
196.7448655339377
196.73227841586018
196.7224303195255
196.72172910535525
196.73435669617714
196.71881261930062
196.73529785371588
196.72223800116993
196.70800983787467
196.7225248248391
196.7209783350493
196.72912932269836
196.73147280932386
196.74216927909202
196.726971083473
196.68969073558878
196.72864672952977
196.7422325436011
196.73250390849117
196.72965286126214
196.7224959778462
196.73037420617814
196.73716019655907
196.73484622653692
196.69135782559522
196.6953883805934
196.7123835872637
196.68613770354156
196.71218046369765
196.6886841845441
196.6862040686988
196.6720990419938
196.66245905827304
196.6499761131871
196.64844300524413
196.64564093616124
196.64215047599575
196.62501262895543
196.63164602547255
196.614215539234
196.61903510573882
196.62994623504653
196.63268004661109
196.62875037591314
196.63178364966555
196.62338235403675
196.61890344819201
196.61391402039968
196.61908777974412
196.603016894823
196.57764248472327
196.62734911888904
196.56066178736538
196.6063954935785
196.60064977583528
196.60111437084484
196.59455427235395
196.5885281934092
196.5874880333044
196.591424191689
196.58640442886036
196.58353894692297
196.56073552078152
196.5870052704644
196.58710469522634
196.59876320519882
196.59645978696886
196.61870865984346
196.625642195908
196.6337918438446
196.60380645162428
196.6246875881229
196.6212722436483
196.62050860255695
196.61145383553125
196.63213889560265
196.62523192418138
196.646275333126
196.65837308352593
196.6552900345189
196.65427785031704
196.66338987921054
196.63992428168027
196.6630267789346
196.65048919776623
196.6618185417831
196.6675244363617
196.6719853203773
196.66455936596054
196.65556367980338
196.6323800143826
196.63248002861613
196.6428362975375
196.64468515269547
196.64936366302868
196.6480004030413
196.66949820488756
196.67565154511138
196.68956535468445
196.69736730191062
196.69606248134818
196.69481405985323
196.70227770911927
196.68515992223934
196.6906453935665
196.69848846084906
196.70233405879094
196.70588346570904
196.70700525687448
196.67913351013402
196.67198802151745
196.6671691210397
196.68088971015763
196.67781287240012
196.67765773823288
196.6646687770442
196.6541756227673
196.66696958990715
196.66614489026367
196.67255100569335
196.680294091347
196.68017404199205
196.6697431675049
196.67277548255387
196.67330170531764
196.6785189240108
196.67655386231675
196.68022795017671
196.70770659987969
196.70985137814674
196.7072694138671
196.7104521487438
196.67543200938468
196.69724289290033
196.73645505565494
196.7359646407492
196.73375917054807
196.73570060639008
196.69605527839354
196.73356441154877
196.7376485835797
196.72770284256904
196.72960605947884
196.68329357035896
196.6665041105765
196.67340599716184
196.69356837090962
196.71434261987503
196.70578063107942
196.70324486260674
196.74620585483112
196.72295602937893
196.71728727813615
196.71381925463155
196.72196659230048
196.72473942508287
196.7302798729724
196.72660720870243
196.7217946354924
196.7064400098639
196.70011557155865
196.69332166404607
196.69738962108332
196.7180659612014
196.69346559441482
196.6892739474094
196.685078223548
196.7103976981574
196.7184270872279
196.7269351986542
196.72996326656232
196.72631879772257
196.7276805680497
196.73766554611095
196.74263129053145
196.7397355716796
196.73938613410988
196.74473984727328
196.7432044390497
196.75911374096495
196.75743860934145
196.74617687044926
196.74644329218506
196.7685619577066
196.7544286853836
196.7554409769405
196.73649059542387
196.74036371009603
196.7462614673908
196.7449623648276
196.75969113975546
196.75079962634302
196.75835552138054
196.75847732138632
196.77482223879457
196.76058347975115
196.75358994449886
196.73723418226984
196.74296927658153
196.7438169780108
196.7409680662892
196.7354503486984
196.7391428788433
196.74452555788793
196.75540575917236
196.75818490235224
196.76706169233617
196.76323865419934
196.76413304363325
196.7635578220681
196.75245375848212
196.7623467047446
196.746693176793
196.77080299932535
196.78256345128443
196.78412677504596
196.78469093989756
196.78211996209552
196.78639881307822
196.7823178559304
196.7781833941191
196.76016524124844
196.76131684358165
196.76191121083983
196.7630360728909
196.76180066456433
196.7643889147645
196.76434618496626
196.76870211297933
196.75979838918
196.77735073412416
196.77438459960257
196.78373970733313
196.78184132953913
196.78067581867418
196.75202714119945
196.7588487595276
196.7607737122257
196.76038782496522
196.76028130484295
196.75504960521278
196.75163716511844
196.76685138874845
196.76754966815574
196.78427767727015
196.77604280409315
196.76450996146565
196.76699701880375
196.77249889448723
196.76788667360987
196.76628413463888
196.77228195825722
196.7759331401258
196.74758333214723
196.7109421532204
196.70746559446115
196.73017828184538
196.727923515373
196.70876225094545
196.71158770529277
196.70741354511114
196.7024025311541
196.7305148127661
196.70289326783666
196.69889116585298
196.70546389805747
196.70635908756793
196.7347365677024
196.74224210116432
196.7394983100732
196.73650336170024
196.73877741103252
196.70285523681676
196.7337451230861
196.74198442915426
196.7405909001198
196.74797104684262
196.7439512461968
196.7624629660876
196.75937097221328
196.78505329086533
196.78554515273674
196.78749604959722
196.78987197789638
196.76262749152883
196.76145926062424
196.76148957703157
196.76214258790003
196.7603279287489
196.75997023256448
196.75987255648295
196.76204235295154
196.84070783879176
196.84324518621273
196.84955536335312
196.84765980751078
196.84906827977025
196.84318144866205
196.8374276440542
196.84249130663395
196.8425454128876
196.817246733168
196.8143370407513
196.81518909154966
196.81694352408064
196.81892175619345
196.80923982799945
196.80884629176614
196.7626198819302
196.76757535226952
196.7653322435842
196.7671761357953
196.7761072087395
196.76557576529376
196.7674763221451
196.7674132173054
196.76870386585648
196.77777309125017
196.7745340613594
196.77176833834335
196.768748478807
196.76779134285286
196.7725592741327
196.7772941480936
196.7797240660519
196.79326688224586
196.79480328697716
196.79615171103947
196.79380478076635
196.79455879499474
196.79652660497425
196.78740414589305
196.78823810362417
196.78711198543118
196.77500019094364
196.80614183533146
196.76713425677792
196.76914542778886
196.76618484193145
196.7711356303033
196.78445067092417
196.78111322270613
196.7875943027598
196.82359976988138
196.8250332921678
196.85965166634412
196.86013498936308
196.85956056536435
196.85912879815152
196.85636636825606
196.85734330464226
196.81435348102417
196.81690076159572
196.84668920746404
196.85149715813694
196.85756033094836
196.85944525810353
196.86162705152628
196.8468086666799
196.84782234030607
196.85179854531773
196.84648863431087
196.846067840562
196.84640717867
196.85423152936997
196.850550932106
196.85701036953287
196.8392112627847
196.85196185508244
196.8644454933925
196.85787621793352
196.8763692398893
196.88597090688413
196.86522616305223
196.83453786806933
196.83013370974425
196.84708931442535
196.838894576789
196.83797918973073
196.83806980449432
196.83773897520837
196.83777692354954
196.84037321044832
196.81679734096787
196.8364167757442
196.83433314137332
196.83589794181665
196.84082695209855
196.84108283806506
196.83755324696997
196.84185214272003
196.8417019031916
196.83973573407255
196.8369678004107
196.83461681065677
196.83229437870892
196.83555344881475
196.83442457414995
196.8155074137553
196.81249808733736
196.82755746597985
196.7895431685709
196.78697619404636
196.790906529341
196.78743443119737
196.78692530328306
196.78993581330724
196.83364335987253
196.80664832825286
196.80825413748423
196.81078389647746
196.77699612141717
196.77542066005
196.77735727564726
196.77854666181113
196.80693106784764
196.77359337156736
196.77227788981162
196.76785348018348
196.76570045241988
196.79839440871984
196.7978379500087
196.7957322921609
196.7722806375812
196.7685332606219
196.76875333337853
196.80368676345273
196.7725581456477
196.77050449389262
196.79726278556225
196.8003988430821
196.79756500050513
196.76647806586732
196.76822109506503
196.76273911344092
196.75906052414177
196.7827941504694
196.7601767503637
196.78612192455986
196.82222311117243
196.82158975189128
196.81392362275218
196.8041343271703
196.80514160200553
196.7813396573789
196.80256675475025
196.77599505437033
196.8057405862204
196.80691952566556
196.81021259966755
196.81430325713134
196.81415405045686
196.82179744196714
196.8011992258424
196.76473349656035
196.78857919904738
196.7934714456786
196.7875092406454
196.78597290180963
196.81417035020058
196.8178893756381
196.8169257563333
196.81532802986743
196.81725554063928
196.79850890674257
196.79892700916147
196.79720483454412
196.80566594978305
196.80460405995072
196.80922595038166
196.81107876760615
196.80698089491585
196.79043861734746
196.79461857344342
196.81010405511228
196.80579013129454
196.80552978747895
196.79811176565556
196.79776653174994
196.79946526172643
196.7940992546279
196.7921905261993
196.79448718398055
196.7678055034828
196.76712314282608
196.76953881717137
196.76748476403344
196.77229681956146
196.77688293995615
196.78019171673748
196.78078559561393
196.77724428072165
196.78167762515633
196.78705157720384
196.78952111011003
196.7931875358944
196.79029828244285
196.78822416572584
196.7933894288657
196.7878724713734
196.79219377458224
196.79309914332967
196.7953345879835
196.79145864394877
196.78405125003667
196.78675672262955
196.78489279646078
196.78890476932327
196.78708626321117
196.78672129989158
196.79014178028353
196.7877910390477
196.78382725506856
196.78396331678428
196.78220904690616
196.80062154478753
196.800965505789
196.8026577054704
196.80234435592683
196.80427676593413
196.80114519516553
196.79079322563993
196.78971679260684
196.7922935825736
196.8075057483062
196.79132871952484
196.79288804014155
196.7898070575878
196.78916959960168
196.78466766342794
