85.12939648783397
73.88834957640623
72.83125462192496
70.202646501935
61.89275966602088
58.35415242090154
62.724306063502176
60.155454006063195
58.081311140678395
55.337427852924876
54.81049315938429
58.20677356593449
57.039667824658764
45.22741386727055
48.19185089738674
47.76253479251114
49.02670457605061
45.91459108578635
47.25073882365323
43.28517851768264
44.83538380950288
44.53690999299677
46.03657548008685
41.78259755951858
42.91189266857616
41.63911261875898
46.69271945213403
43.90745343229675
43.62231140195586
43.10439593032506
40.162153749690276
38.27251032396335
36.80402069244713
37.90205696041343
38.59208659118216
39.782669484518955
38.37237309719113
36.873476777633094
39.12540460768682
36.19178826770707
35.69589510061563
35.62891967691666
36.74861959961584
34.996591983637344
35.41842053947659
34.070113554266506
33.075816619037894
34.343297771214324
33.69181077995072
32.03332016529408
31.440823206988117
34.740550091551434
32.241801171827774
31.75041511942817
33.01996370027155
28.560889586662867
30.428732027226854
29.25481126606763
31.065563441830804
30.6374325127738
29.085547754219565
29.14102247593962
32.5816776811726
28.459146179673372
31.290612046605343
29.144335698289897
29.836009643081827
28.43871207527734
28.826782475227972
27.928696764525025
29.760233995749708
29.35279872745431
30.02636514273518
28.27495942444259
26.370527658990415
28.296602132640576
27.448860560113506
28.521607205491986
28.073856493110394
26.422843722937845
27.84302760027413
27.135766090675833
26.97698017097538
27.268823317578317
26.689995092034508
26.053968095964414
26.732381227967412
25.221660773316117
24.982975527143175
24.47263099216897
26.242548135275946
27.208495561676433
27.031012462409127
25.153978335236992
25.292538250608533
26.51005135531174
25.068015347016807
25.683933421711902
24.838282023568798
25.80885842866196
25.775618501696144
25.364050979619577
25.04781637162577
26.978360601296888
25.979051206771096
24.98877599038366
25.15299368095665
24.81274050663144
25.104830132837908
24.509301508452715
25.157094951530496
24.074479246049993
23.05594664203591
23.155114129957887
22.79145261307311
24.313562428712533
23.459130979638218
23.505662081611494
22.91571226461441
23.506038953067062
23.611997173316922
23.95338058232679
23.985909548707607
23.161048642311922
21.612538266880424
22.35416147630354
22.177474315672267
21.01546229941204
21.57458848785163
21.00888792096578
22.65377586781841
21.964869803041125
22.374033988549847
22.352230036671898
20.989331272604833
21.33143595013747
22.2625169879552
20.827475218383274
21.39811238958707
21.37106063418657
20.88074637992862
20.875922725061546
21.058982504635736
19.713964083600313
20.66726239017593
18.873793601191196
19.66555281144363
19.70592764179045
19.343972997094117
20.00160808233141
19.038685677687432
18.921909796682097
18.55629009703343
19.977936914792664
20.46895458746702
20.23214302914235
19.5962855385625
19.203473977113703
19.851026813073094
20.042051371358994
20.416267558877585
20.02755869904291
19.207480046433226
19.627906730094352
20.008622629511247
19.606384927741054
19.28135038507983
19.184849322696827
19.657506884610818
18.9697375306381
20.372039440466267
20.176379207129038
20.409714702050163
19.66909832945793
18.0320270764858
19.035326821309468
18.563381218174978
17.439164001527885
17.93579304549772
18.56642875710298
20.455931871454293
19.414501085540994
19.279699930876674
20.010445410091194
19.285458445471495
19.730541985894725
18.826270884021067
19.134246985469943
19.714858210530792
19.186925109061548
18.96115872725813
19.26779994702745
18.573876622352845
19.008586117138158
18.953523983431676
18.367803892937374
17.158490182942852
16.568527623382924
17.548101023505932
17.495575064384628
16.60445335058247
17.756025085196626
18.83167253276968
17.924883793922376
17.21684459680308
17.206351330080405
17.048204927508067
16.92013878232766
17.601045762117817
17.701931429999934
16.850011018443336
16.24490847878165
18.096927376850125
18.46932296632721
18.14521989575262
17.369418551981514
16.338044047273886
15.628829024720739
15.717400048134378
17.874629984880254
15.792642189240127
16.97351413325354
17.020495743227332
17.329382704428905
17.19527467201
17.071854307369755
16.58111371557936
17.545478754451032
16.3962976899893
17.62001408368057
16.968051507410717
17.486780032405427
17.29358393204779
18.074181376582075
17.529040061323037
17.765513010710663
17.669355063211608
17.38626697260562
15.827303353891383
16.748580547898055
16.873948898791923
16.24318194099265
16.26648813831099
16.104037506979402
16.12102189191799
15.818476306876887
15.917546726014919
16.513061675678916
16.710626372673566
15.662597912854066
15.964957459634263
16.25204674607336
16.210300376869718
15.444370867535289
15.237002996374018
16.827150978118784
16.243930568850477
15.198389840018523
15.249504700236686
15.144473603898986
15.526217312133161
16.115576308467453
15.13380121427272
15.716706972067168
14.674787175009326
15.468215761602705
15.075426663282983
14.997653076102736
15.321559202289144
14.71971420368336
14.892162314712
15.440697705110942
15.125433107439589
15.435383938929522
14.956733846254615
15.850338727350044
17.101310205478228
15.921310345785102
14.762596818177665
14.692961760375121
14.70257663317977
15.913600533316753
16.09976162870308
16.32731515272828
15.985728782516937
15.223909654507434
14.956021401558338
15.160792470597336
14.340832215014254
13.234816848523549
14.113776628797199
14.883185639767897
14.595727240981168
14.546572828995172
14.738714950898173
14.260774672796234
14.747324700594362
13.811340264434516
13.189711737605888
13.465294831127277
14.214330838233582
14.372182827562135
14.339023684544363
14.303271994334576
14.247178772929157
14.376011082110903
15.096784234166954
15.223164629837862
14.816950790248212
14.602422259168549
14.813668193214937
14.672843346975865
15.656638338761837
15.069707354674346
15.929430092101235
14.73179059486473
14.666339257931249
14.548766733773949
14.492326744351953
14.25927129924187
14.228750515419327
14.225869189427057
14.463024187283395
14.103996016523734
14.40697862857953
14.532069320569692
13.925527068769151
14.398991040088985
14.359613983159559
13.962884439710079
14.263749733297553
14.240096915199759
14.349686777305445
14.325110260448765
14.405617247148953
14.322057854890986
14.275407590311136
13.97280505182883
14.191083215690774
14.201512173050649
14.107179078055639
14.12227495598743
14.13628533972204
14.089252001432984
13.896100575992008
13.569984542762755
13.52995811473458
13.644853023273116
13.445855058165058
13.84569025456899
13.791782026989674
13.68444229546925
13.726984039428865
13.610570344633143
13.573922729315075
13.406252881311639
13.358853905542066
13.377779123257293
13.301963224990915
13.190387726879623
13.187806393124236
13.127397107788347
13.068515114606795
13.010739187336634
12.991107622759461
12.958265454058889
12.925183499474475
12.88330879233513
12.842218868534196
13.057805901464874
13.002736080037469
12.648634956522603
12.687029298380443
12.235096523613361
12.215974829497053
12.273352732548304
12.248621312726588
12.140474966446511
12.109229767735158
12.389323213137024
12.04509917251915
12.12328376966841
12.024095665712187
12.309123837019353
12.216852192038068
12.284320636987683
12.251023527758166
12.403513086969342
12.324426211641192
12.345732619320385
12.318388816646758
12.29707408369971
12.277841035354468
12.252058666223094
12.29627225191825
12.27062770523464
12.254410731899121
12.240949572143933
12.227778468654105
12.214412257048544
11.863543749142114
11.850168914459172
11.839302290623062
11.827925674098518
11.711648814268349
11.803124817886658
11.790334896673524
11.777265849239518
11.763569030879568
11.74784604456955
11.731394825821543
11.70621049903441
11.684307198928897
11.669496153032652
11.853221175698401
11.839543231613149
11.82681892931732
11.804691699155594
11.772759700698165
11.75820652599639
11.748063721049723
11.734383648508363
12.046916280294678
11.68420349947008
11.661823025471573
11.493667287670336
11.948892063565227
11.791256216050105
11.583290557486322
11.437802430055484
12.033085831763216
11.924799051897953
12.045938325590408
11.90076297866349
12.024414125401576
12.236711738454245
11.402241193720606
11.260216772981453
11.406945740882337
11.393114200674958
11.479544058264725
11.373314711333014
11.44417866602575
11.425060512212555
11.412000573396956
11.401082085183226
11.390002734044952
11.269858131951528
11.571042710804365
11.671186492414913
11.554188921336358
11.546116569056394
11.537375927890368
11.528709842500602
11.5206254238868
11.511091681531969
11.50273671483595
11.489218086614315
11.47543701206043
11.467757551796348
11.459354931968402
11.386264995772702
11.441874510305698
11.369869922973473
11.763461155785986
11.755668521278627
11.747205795090176
12.00603199420082
12.058612047923578
11.378436582105852
11.063838662202725
11.054432946631723
10.980839885257202
10.974122098880432
11.030761844696011
11.022090322273087
11.014998095362914
10.919141659368881
10.999525725397273
10.991422713233101
11.245755531021054
11.238846702339018
11.918362457667406
11.847723597043572
11.839867448080485
11.82108120704968
11.797643564176976
11.775614156672107
11.754338313850504
11.732713800693896
11.711520944941139
11.692115816321579
11.670616454242438
11.651134681435568
11.631711468095848
11.49194120376513
11.59408757937821
11.49274088141472
11.042670770580992
11.023343225431677
11.097878582352514
11.079566385536024
11.572202989555539
11.552706632371384
11.532173416915386
11.514541369960048
11.495479060376908
11.477270087229869
11.459161919639586
11.441734862024564
11.42363932575973
11.399007963478232
11.38094448366045
11.3633865215697
11.586356057747203
11.56807640753632
11.36148975818583
11.508092338347659
11.072170503159
10.897563144902717
10.89044610364752
10.880574363419965
10.794670997468767
10.78928698349438
10.733367226578451
10.779317350464654
10.769959870662483
10.931523876518844
10.944049850652037
10.935701883356183
10.929107937242478
10.917601187965259
10.726653905779223
10.901750564364297
10.760920960544416
10.750773656578978
10.743511363810365
10.727742019857141
10.688042602409086
10.682152704403634
10.676822510987416
10.672576525965377
10.696172537682218
10.690526649720974
10.685390537336128
10.753418513033512
10.719616620992435
10.713563741944782
10.706687694929013
11.12161572385736
11.14362481936123
10.692998548518084
10.716374791089358
10.680103048342446
10.601461810417577
10.597310574161952
10.592860459785063
10.586330005566408
10.580206920349939
10.575341367928813
10.571630254061292
10.567643656163057
10.563263056043823
10.556767978256243
10.715585520228972
10.711479959617494
11.959845912379524
11.9493198434392
11.938787543209063
10.691656245366838
10.687506945447732
10.751783144030291
10.746982813489405
10.742318511569755
10.736366033537074
10.731021781609993
10.726099290873819
10.720560301771597
10.714649185759818
10.709892983196186
10.568873924232047
10.470152084334563
10.465931297026707
10.69010339256732
10.684269701624856
10.486182237691054
10.70883626675755
10.475432347941492
10.445031828321223
10.536660943421166
10.531924545069309
10.528847991768698
10.458028904553466
10.454054909852157
10.72994460207691
10.444564615619065
10.719060733138472
10.840483658770452
10.557008294597813
10.831254485300603
10.827122313680967
10.812319327070178
10.8811251420453
10.656119768164091
10.374905916909606
10.371594912055379
10.367505311184626
10.364943638918907
10.295847319834687
10.35776220133925
10.289537945292501
10.285956828685421
10.282880953953853
10.279378471378738
10.367279757100075
10.363180526902882
10.358992210208159
10.354838337774986
10.351007332857394
10.6166787951963
10.612585670597376
10.609890381932802
10.516022223672474
10.603282144655577
10.599526258846133
10.593562372234414
10.589792995554454
10.586475106455321
10.582415123224273
10.642788705686275
10.638474037627617
10.632992475875552
10.630143980263751
10.626125305697036
10.622144065983852
10.616528817118494
10.70864292430587
10.705155556679417
10.34665501426821
10.24667365733615
10.240566803949335
10.239221507403238
10.431096887888488
10.427641889466631
10.424118064204068
10.419825131182158
10.413262214722858
10.506044386056942
10.777576305622551
10.773393199283353
10.658271069541586
10.767827307266026
10.763169415853133
10.857392071592477
10.853091221047174
10.848592343131894
10.845105490597222
10.728329311893077
10.723768876249242
10.830368341973195
10.715078353145378
10.711202235336385
10.707048723008564
10.703142171741568
10.698787095287011
10.693706703973158
10.66717935491112
10.429564205602768
10.682444769991957
10.67961535145442
10.682529905616477
10.671615819310459
10.667463362599355
10.561669007666563
10.500132585153468
10.552997982604994
10.551696734905915
10.64974529812325
10.589398512032846
10.54688124017403
10.535421445131291
10.538025877943388
10.57877297941802
10.568801354248137
10.46435625638437
10.560250119345623
10.619944830581744
10.559615923738617
10.456650567641855
10.551375550952223
10.811614166384544
10.446010686586437
10.709184134382994
10.704396640472469
10.700821681681326
10.697236006893435
10.692758290285592
10.689805111233172
10.742648947907334
10.739436884535221
10.735206348593362
10.731662399644561
10.728964778587327
10.725380703013714
10.72202288801986
10.718590103377817
10.715884488900153
10.71163916249785
10.545693136232362
10.541799514285227
10.797160597259342
10.535470269379756
10.532316165555207
10.421229585716985
10.526070040981082
10.5229968861284
10.51917806782954
10.408710719347726
10.404820473798994
10.401340230992405
10.398764826699473
10.394592313125997
10.391293733321469
10.388241356618739
10.383851217408544
10.356727307732227
10.353735212703976
10.407719483417623
10.369917155612674
10.265212389556899
10.362766338286518
10.36123884051425
10.356945196090722
10.35478715887765
10.350405109076211
10.3481396952446
10.345320294056881
10.120283188467223
10.219606592343984
10.217826067959704
10.19392679345031
10.190790022542094
10.09717602664333
10.094880465622236
10.09260229320551
10.090310475205689
10.08833672753091
10.084999423823929
10.082747927549386
10.079932971675472
10.0770224712612
10.073628204253053
10.071213344152111
10.068569721100435
10.065406334037924
10.064007324450975
10.062300436849984
10.060384193805719
10.057590390615342
10.055607243348375
10.053625485886544
10.049361758088784
10.047325498964993
10.04411133453633
10.042115366220106
10.04079370744658
10.036751402989255
10.03388744391893
10.030759362739687
10.047272089309086
10.045024689588356
10.022667031192514
10.121188853870295
10.13884924223266
10.135652465393177
10.132659696735038
9.961817631836979
9.959367707021446
9.955609565280854
9.95258475308294
10.117980081797082
10.016259785592473
10.112212589268145
10.011479217981076
9.99515550658271
9.991929486509685
9.989358955425537
9.986397521827316
9.984135582518435
9.995849328999642
9.994050500761949
9.99165078632137
9.989518418392185
9.987228326662212
9.984744452022554
9.98215932850844
9.979703099693543
9.978423447758122
10.072652524633027
10.070753700919287
10.112117476057177
10.108750625175551
10.10688097354961
10.104641092309382
10.102768964072347
10.100919948438573
10.098333383550186
10.096093725832523
10.092112581140734
10.038880038100675
10.010169238863561
10.000520858919824
9.991061199314037
9.981465114069886
9.989621043465057
9.961565161507204
9.976510616420105
9.955775067369757
9.878171697742951
9.875558113142322
9.873573507865117
9.965056658998853
9.868971253049635
9.867328997692848
9.958126512969843
9.956472626992614
9.86106231046178
9.859075985469826
9.85719363980333
9.855862441358822
9.85362546739509
9.851627481628332
9.850424507157108
9.842972649569973
9.834152159525534
9.824798238816625
9.797761877375605
9.792935225600846
9.788594052676627
9.782176697134139
9.777532556402786
9.786659850656866
9.777599422123268
9.765384854239523
9.759346602426533
9.755967939202199
9.75139355107614
9.728664730733614
9.73810559305113
9.733248427517646
9.731168909639386
9.640801361726114
9.639162072380778
9.563129903415325
9.589080176368052
9.586622713643715
9.584677909764613
9.583116384264915
9.5810688292129
9.505912434879365
9.504196923668113
9.501621383961352
9.544646588252707
9.571214271707362
9.569555234118718
9.497100522712977
9.495815061238547
9.491905838074917
9.48506710192237
9.549118985421421
9.542972702450836
9.537568844746513
9.529619779353748
9.527027298147084
9.525566800305198
9.524166090641483
9.521683739492957
9.51927657439469
9.517014074328909
9.515765656789483
9.514538385147015
9.512160819275323
9.5098060437921
9.508481237310587
9.506128744124045
9.504521629734034
9.50331673521825
9.50215616278685
9.501752390536351
9.499411799927708
9.497673388472311
9.496717252563192
9.423590173734636
9.423170448997423
9.422357670561908
9.49102926716916
9.489172171689102
9.487288310091845
9.481089063991574
9.404308299280265
9.551193364546844
9.542981490084308
9.534220126105845
9.441598696174404
9.433939812984683
9.426410799682266
9.418682595977497
9.41111854558999
9.487684643877465
9.484150901346108
9.482840755065663
9.48177490505914
9.841764264053595
9.479070317573736
9.838471856839687
9.476257389548087
9.474816713774102
9.474136947129221
9.473533546020898
9.471832790336018
9.470770405383938
9.469500732484843
9.46835106794958
9.465596725135072
9.463845781361167
9.462357573934495
9.46094106631029
9.460168827470275
9.458862192766539
9.457312992993906
9.456586999843015
9.373715498968092
9.45329540345668
9.452050120190695
9.45039049628246
9.36896244305158
9.368119666102608
9.366754929826033
9.365170687772093
9.488158982558819
9.487183433727958
9.485449246990637
9.483909187690195
9.482712677813618
9.48131572892299
9.479914897911533
9.478082024101985
9.354636646584147
9.476176860098352
9.352890548728274
9.351832565341125
9.350576296781169
9.348918393868685
9.348411552564562
9.346847821777686
9.345720203145937
9.465225413652426
9.344656183913079
9.34306849066434
9.455323771256374
9.453841350392915
9.45220927771837
9.532325300715701
9.530767198742868
9.529317210113776
9.528369342877186
9.527346383836322
9.526358416770808
9.524817617698824
9.522785090695054
9.521009129162573
9.519442445385634
9.51811891323141
9.517090873238404
9.515718150844423
9.514532934248813
9.513094253711547
9.512001188580983
9.510238829838796
9.508679745923319
9.507560438769541
9.50578630329003
9.50548804555777
9.504114329704064
9.502484741774909
9.501585014871516
9.500345269515956
9.499363023210647
9.498269766543155
9.495802034409639
9.494506594741837
9.493353784841016
9.492533078106295
9.491248885331277
9.489941989383384
9.488523638905889
9.487545356999181
9.485576083314713
9.483983499852307
9.4824816532873
