202.51640137299424
198.54249440217646
188.29920484195839
194.0288768819964
173.87981185252127
174.8384670893172
170.8007154603984
166.0601124351308
161.02913036846616
161.26152081508965
151.5502380991004
151.88919672649567
152.99460783377862
152.20309337260866
152.06939007759595
149.40550499021157
143.14684761250416
147.0093048874304
144.32239306294537
140.0649186919412
144.20079411609404
136.9449848065348
136.59306357666458
138.64093827691258
135.2459210135379
136.36998457389606
135.775120774193
134.26676788280986
130.91065206923716
132.7711138336957
131.07463642838712
133.62667403930178
133.58211689915277
133.53441505861488
131.47280282120116
129.63095162961235
128.85532020822453
128.27884792648385
128.22931393073745
129.47491286788477
127.26544081615575
128.34958887553594
130.38842073349548
124.68195736276226
124.87628779081193
124.18898364105364
124.08411807899519
130.9030558294046
125.17525661557804
122.80439980613575
123.47498734489524
121.39084928928686
122.01574812028359
120.65244947501058
118.20639255350856
119.49183363917616
117.1840116993187
118.99131482153683
120.95571014934718
117.30442843768613
118.80563205454382
119.56303880009675
121.29461836533974
119.33715378712907
118.63810406404659
114.84279129016183
122.27574443707744
121.2648651462174
116.21793951727304
114.79472272003882
116.75002568032176
118.54108541032069
117.43779567750792
115.26682517329452
116.0266176444244
113.97839241393716
115.92830955803366
113.83864342744278
113.33765353169967
110.3675451627173
111.6053619508516
110.12327921499082
109.47452456766476
106.30002660097645
106.122778212047
106.86736856205673
108.76404351930324
108.75387408388482
106.60416136791669
107.96221284961938
105.54970284178741
106.51537451638025
108.75484916687552
112.75565692973265
109.13082158605103
107.8961923509371
107.65443248817702
111.30106141561845
108.73160782342912
111.223036110216
106.6694086461933
105.33574502438549
108.00346029200814
104.48792139387831
101.7836484748559
106.79152012978297
103.8168940372449
102.47290145849522
102.67627691528857
102.57539445949358
100.18135088303784
103.03597411218182
100.88209273385013
103.67932401351284
100.84174590659231
101.4796408178622
100.75149006466363
100.45843414262202
100.24477553315353
102.8128361556838
102.5558244210963
99.92940288765897
99.14632198879595
100.21402699990814
101.33168670386432
99.80252207369733
97.86187036700453
99.36300717110053
98.86823798887892
103.11248509433396
99.65610744726811
99.97862348535443
99.88148880303014
98.22721496390407
99.01798433795906
103.1871902701436
100.38277527578262
99.5764126257766
98.53415655716421
97.73090608329845
100.99048109407924
100.17507582963663
98.59658710359437
98.12486829562043
97.57386177954164
99.22490921234709
97.28157935927803
97.08682359989393
95.69151964127629
95.85238129860139
94.97977343191212
96.55611608699209
99.81705323004489
98.60973679535432
94.97346428486983
96.5209029793013
95.99686325887454
94.5956731864147
94.18386360232644
97.5144725284565
94.96035359141376
95.66205513446916
95.23020805877763
95.43702342277145
95.5580177440786
96.4122531945763
96.02525914859635
98.69731280513204
97.62833273128068
93.38517321777387
94.38550084641393
92.99959681741254
93.48800348204814
94.15457670641064
94.38999629064143
93.00374126727888
93.60640484463897
93.62874348621328
93.85385990149985
93.98793549182666
94.70128680163633
96.53866933290409
96.17475886348274
98.920686140627
98.42982470982335
97.73262977715319
96.1120228373427
98.39195637550125
97.03027943737983
99.0774409750126
99.54837554581064
100.7441360804175
98.35853117411538
96.94786117682885
96.91771736500877
96.54713263190177
96.4956485148049
95.58937237088749
94.18767172485397
97.6754921165015
95.46639469668716
95.7869120756028
95.56215490929479
95.82408193280291
94.24837063316873
94.71031185653987
94.02668019952118
94.2501694650791
94.52608463029503
93.92558524177981
92.51943620413273
92.35232899768624
92.99759656085173
91.8097781871362
91.98211255843873
94.31622837484586
94.61469343886161
92.82400807501075
92.89032821659288
94.38903665332143
94.32411349123429
94.21367411823559
94.92599750906773
94.07098416720409
93.31257328783786
92.34338860211267
92.40119158528324
93.35713344354654
93.7098681620305
93.78834588741435
96.29624603117463
94.74154787006323
94.65835661019105
94.55659571878296
93.35867219444884
91.3008546227809
91.19139288170167
90.83817017138837
90.92877503995906
90.9173537140811
91.71781854284389
91.15762453630266
91.49804980420244
91.44038867506072
90.51002300613519
92.09618844555398
92.03321335253375
92.041871174797
91.92008746820785
91.92656342509271
92.92573642029717
93.59775380703627
93.73313853700712
93.75291524095066
94.11044563293399
93.77497126444999
95.63513604059995
95.99982953440968
96.06741036236158
95.30328347048835
94.99968786551719
95.21076610097491
95.20185878812715
94.55836328775315
94.56143344480785
93.04135643739667
92.25461463301824
91.89365749542972
91.88648709550844
92.32572308994196
91.83053778211784
92.95019386835618
94.09174803262765
92.95250348055232
93.25803409458631
93.24303304526144
92.95966902496379
93.23723406355826
93.214593968196
93.27700200096326
93.55623505648623
93.94570592128565
95.52762915296414
95.35429751559217
95.33151812996618
95.13666807591578
94.65340612580646
95.36296230205318
95.37626037443675
94.74958651536862
94.73423815903872
94.72380108030248
95.2810012632732
93.49591747560977
93.89087108716427
93.42606609101396
93.42805421132566
93.43136207556087
93.9691086724573
93.77405218464217
93.46109347217025
92.90884808264701
93.7580832210951
93.85221266143229
93.75812388660007
94.1581689239324
94.10094987763267
94.61659483986524
94.32618852414973
94.43798204141235
94.7205941353818
94.67166712057781
94.6424613394352
94.7500652806556
94.70193186175408
95.42533538886832
95.69611060212047
95.32383764649248
95.81194352580422
95.48454419578897
95.36455286647065
95.27431645513731
95.26905286084238
95.27034790047611
94.40208056539399
94.64542045230067
94.47770866770513
94.54066504179134
94.18995493026719
95.49519638512709
95.47878351451533
94.66184204402549
94.8056854085628
94.1284441722546
94.83205975653338
95.15106687961563
93.95519381274187
93.8685081294737
93.77034448657719
93.68251822653976
93.59520833687881
93.50474714639533
93.47698768259487
93.41480096715647
93.38323605182083
93.34222967650564
93.2786074324282
93.06616749164039
93.00338747358231
92.93528944673506
92.9452530255867
92.909140610714
92.80136632929205
93.90377302823609
94.29511967554119
94.25516697955332
94.24176317870992
93.96712191683172
94.0311074430772
94.04758708001336
94.03384220649816
93.98506778014844
93.97716391519893
93.95227806436964
93.51730274643647
93.5728835639813
93.72812692903803
93.56380362240911
93.68707921208248
93.49086932110995
93.48880028445654
93.31866048683133
93.35262011220179
93.41042594978981
93.39481033489717
93.32655539406953
93.35535934617948
92.20175802950725
93.32517445243914
93.32703006447755
93.31379052686808
93.2959642868955
93.09973795735976
93.25417172130943
93.247460373374
93.01738203340031
93.2029979227633
93.25646626736776
93.19883729627487
93.20512932166146
93.22242677419865
93.23143344050149
93.24099767895667
93.2205591347283
93.27978968776354
93.26579275174785
93.27060316178734
93.2492412560291
93.20566135051082
93.25451029509405
93.41658653951124
93.47930931191067
93.408168255779
93.45968301224059
93.34764877488635
93.34940005402663
93.38492097238921
93.0251604244333
93.0440106079357
92.98837147437972
93.03924274989443
93.36825342105668
93.22949579242997
93.23641762479218
93.2524164186041
93.46219157888643
93.39726961225995
93.02707349424291
93.37699473247925
93.02486101687349
93.0071579569485
93.3253858705866
93.32558279751024
93.3068309326132
93.29073902076709
93.28529026676082
93.25528630544775
92.91759879821147
92.93358465393841
93.19968688850713
93.1551307373855
92.98090978491254
92.64916927228593
93.0184364225613
93.00293852062687
92.99400117885972
92.98431725330522
92.66536294677405
92.69391869728645
92.74968416643306
92.59040241192496
92.93772452231865
92.9251505102681
92.84597866553969
92.79401346642277
92.78977807740563
92.87630814090996
92.85347590461494
92.78412841224007
91.66781132934163
91.54358858193073
91.52982314072456
91.60989554900331
91.5995645404549
91.67740213755685
91.66258946938032
91.65584644553938
91.66219130552858
91.54492325588743
91.23919684172243
91.2670114748565
91.14889941198707
91.13586077773961
91.65040819089478
91.65359405014875
91.23750126538197
91.23052344334813
91.29471383512916
91.23397026229203
91.22526629152027
91.41720204581884
91.50328780844114
91.65506313613203
91.64310202102007
91.37589938291396
91.30264092379929
91.30735002222129
91.30729908369455
91.29936871284926
91.4438642031524
91.18595666078157
91.46944264621906
91.17758855178437
90.97510586508068
91.17001833682326
91.16859479180452
90.82286007114675
91.22148882018469
91.09266708681068
91.10955570815128
91.2558709343608
91.2247370374638
91.10051125863102
91.11087224394839
91.11392381758051
91.11889304772843
91.1579463559428
91.48495931963127
91.2821505304722
91.86756623659376
91.86389875151445
91.86834681066061
91.87734085761862
91.85595130626164
91.52363393728217
91.86605315139754
92.81676197452268
91.6288508024761
91.63606950554001
91.63208065307224
91.63009116211313
91.71320672876617
91.61254550833054
92.11823563606315
92.14267103930149
91.62073501341933
91.60844369053244
91.55161116754734
92.01675972334691
92.02162428376523
92.02377607865397
92.03145828893743
92.09509947554352
92.10269367240099
92.05516693139904
92.0549310468015
92.06271567765603
92.04666603643277
92.10633917967765
92.18169502228636
92.26522204197374
92.24141843642181
92.07447298960614
92.13562720935897
92.0862789643626
92.24068188346064
92.0972152240911
92.27339946912632
92.2807309661687
92.27935790076523
92.27914158179519
92.29602874129436
92.15445732620336
92.22634684269457
92.188939635654
92.19721045541523
92.20507745847789
92.21595084130153
92.21398488367953
92.22471081772109
92.23227938202282
92.22126469411654
92.22793788503037
92.2340154089743
92.23954807148593
92.23740783991042
92.23980082742936
92.24364684166612
92.24555381485295
92.25088769629826
92.26165183735412
92.26663542976402
92.27203460249919
92.26411596833589
92.26326449050204
92.26986883849072
92.27883647539173
92.2812639813798
92.28590504520474
92.2954063757895
92.30892458626433
92.3751030881077
92.31947650195679
92.32292281247977
92.33309222373875
92.32827936683596
92.3291992903885
92.36668444818035
92.3673480038007
92.32621537602506
92.38273498361174
92.3500748444494
92.39420927724778
92.39296206694337
92.3973070116722
92.38388708439511
92.38865256075661
92.39788821504399
92.51696134483977
92.4459414402882
92.4181442641015
92.34827997019573
92.45009247478328
92.527547496065
92.46357723195683
92.5252841258952
92.32976060539599
92.33955798313023
92.34432966506157
92.41663113999024
92.41961670857278
92.28216089426031
92.46310565286339
92.57289014536887
92.56555024712856
92.57515065372156
92.49892361814649
92.5694187307526
92.55601811894057
92.55218768432695
92.56263144121681
92.42587677580502
92.4310542076959
92.43018434692239
92.43124224045386
92.43964793392223
92.43931767839813
92.4922559195805
93.61207763129917
93.74941281249235
93.75147499838279
93.50587185937503
93.51141101830538
92.32993472858612
92.33748140373008
92.34965625947008
92.6811612463851
92.78788820813288
92.5352641114381
92.52699350193649
92.5391889046518
92.53968202873946
92.64516923724169
92.65894164897452
92.66521471353643
92.66656468733049
92.67961397964507
92.62490264707327
92.51400811105724
92.5135363105028
92.52195062054255
92.52578578794083
92.63144221715368
92.70826061902697
92.71606798421209
92.7212362346503
92.83920338082477
92.72270030427505
93.04197583136832
93.04679751549229
92.99452025115424
92.86388370232508
92.86872774711435
94.02521945874433
94.02354500073368
93.99543052856751
92.86679507435394
92.87370657607478
92.76379818774184
92.76341471483558
92.76522818580311
92.8407435685936
92.84800874722563
92.84673685668882
92.82405896046357
92.83225318000044
92.81375256055559
92.81125187198982
92.81543030379109
92.81935783820839
92.82260942907871
92.82540549698638
92.833524628595
92.95094743748851
92.83898722028074
92.84401774507714
92.94594106183555
92.95095793191821
92.95824843155737
92.9617067796379
92.96212426040067
92.93052952720049
92.80033944037494
92.94093730782843
92.80513718959035
92.95074875201527
92.95574409931497
92.96825029464497
93.0106057221877
93.01164948363332
93.07721454995607
93.01935969957486
92.9133777574343
92.90212396606192
92.90563391703733
92.97009824378229
93.07776924016395
93.07973468658378
93.08100959450222
93.02765989460622
92.94949637655384
92.95313094812506
92.95848025495252
92.82877363591649
92.96136581252202
93.0430369089908
92.91120243574754
92.94771300828829
93.05839323125724
92.95695465777499
92.93555395699629
93.01713794323425
93.01761016404909
93.02002509145775
92.94857596633446
93.02377306707155
92.95439019282928
93.08453211966737
93.08170401702017
93.00326425922843
93.0697843398175
93.11506966512945
93.05960294508913
92.95961450623611
92.96225063376859
92.94021932555236
93.01497493015931
92.9405371375139
93.02258268224524
93.02390131244952
93.03437049043474
93.03654519190266
93.05968586911548
93.06595250632547
93.06579462630681
92.98838987865113
92.98322085997334
92.99249062287862
93.00054143703326
92.92689741418846
92.93274628072696
92.93899211041281
92.9427285944606
93.01643830742331
92.9428481802178
92.9429073243945
92.93903213740789
92.94968106931117
93.03711471249694
93.04301810298298
93.0435200767987
92.96555887521207
92.97194603886224
92.97520383854284
93.04653666426891
93.04898078453706
92.98336020097099
92.98334500605517
92.98735689920376
92.99194639993276
92.99993836838821
93.08933297013029
93.07938933802902
93.08034912406792
93.09150094854833
93.09601915235096
93.09647221725248
93.1395187128608
93.21010755247052
93.21354479939171
92.77083484015832
92.77187472869731
92.83842967116419
92.84414189959574
92.77830103995049
92.78729440552534
92.84186392855561
92.84826697351889
92.86550206391654
92.87111582678554
92.80772985666202
92.81329730736002
92.81613623723852
92.82085577853363
92.74098112905185
92.74374749092696
92.74909345334456
92.82290290555923
92.74774429967313
92.85114996437754
92.93187085832771
93.03182059906432
93.03053652298564
92.98277983760761
92.94651588928302
92.89956766144277
92.9028610736071
92.94332831093297
93.00741912688179
92.95754256004216
93.06350486566465
93.06577340045416
93.02331997410916
93.02924478956561
93.01834451830473
93.01790975514263
93.02036594319324
93.03068846284914
92.95254825255942
92.97253050268162
92.97716234793434
93.04586077716549
93.05545166165093
93.0624724638156
92.99364868598644
93.06379981102111
92.95567000134758
93.00006460820849
92.91093796346641
92.9107260817155
92.91730508234112
92.98049294064343
93.04056206668069
92.80796684586907
93.05282072074755
92.86379930911605
92.87101154546006
93.06617762472784
93.06933847987615
93.02438806135449
93.03004946548333
93.02921318315173
93.03550952731021
93.03817013548068
92.89190024937965
92.89907562953636
92.90115305938566
92.9051582926133
92.97003590552657
92.8806017101243
92.86277185438303
92.9680520703768
92.82322064696828
92.82766431774017
92.83104954224696
92.83651627468872
92.84291576123177
92.8449232224056
92.84625065588901
92.98415212388427
92.94966941422325
92.98785502397374
93.05817312045693
93.06276286962674
93.06816600223254
93.07833831037645
92.99086819586171
93.03922037741008
93.0275224785845
93.03062051550245
93.03991417757183
93.03995228404398
93.04214430092355
93.04616916560477
93.04923165320864
93.05530879910702
93.05823497600291
93.06231191183525
93.14044194060068
93.14739145581889
93.14706903573884
93.15860685867885
93.16158025675033
93.1621752020697
93.16159648632787
93.0301639853856
93.02238462139832
93.02746762332517
93.02620327851137
93.03805767432551
93.04031708941108
93.04122052331627
93.05273578123067
93.13489992028052
93.13456298459614
93.08723826133412
93.06109390448523
93.10029978587167
93.10426194720257
93.10845429184045
93.21391416410945
93.21727044921268
93.28421114886719
93.24156960887545
93.2444000454605
93.20521029219806
93.33553552556987
93.33535866985733
93.29558745035014
93.37788462398154
93.38456138719302
93.31353268665593
93.31879620011736
93.32128987185556
93.32274665502713
93.40588553673325
93.33151126392032
93.33619374731113
93.41267216044231
93.40998484449415
93.3529422051705
93.28258831665181
93.28442831690172
93.29021802691616
93.30135302184567
93.30136603776398
93.34966695577276
93.35398912254621
93.34944472705658
93.35391236006241
93.35353152111936
93.35018288559134
93.35254611622241
93.35158900092287
93.35146729818602
93.3436462279857
93.3333100513392
93.37323389214671
93.36611113305005
93.35674920657874
93.35392093767172
93.34465067667718
93.40158558197412
93.33056614654801
93.32197910278389
93.31451975348585
93.31069074183596
93.30017811568972
93.17037213878588
93.16769478936388
93.16520068151205
93.28946284834387
93.28671277396161
93.15072510013796
93.14352492496495
93.09315669371952
93.09281160743569
93.09028030642634
93.08213325780666
93.07563968066589
93.06955309094889
93.16718328603731
93.22835955531941
93.22791404717981
93.22991210295687
93.22340520864722
92.9549114160552
93.09092655858646
92.89296713050898
92.8890729254673
92.88290419317663
92.87508230553351
92.83008749928342
92.7039962785337
92.69879303048927
92.69703358653123
92.69107502927434
92.65629923093618
92.77609949547931
92.77362258738175
92.80388871232543
92.79712723223793
92.79525997896845
92.79290652333657
92.8531159711561
92.69265077558646
92.68913609974341
92.90597397154228
92.93347105357923
92.93211259379274
92.89920127104467
92.89896408279309
92.92530517992144
92.82725015826489
92.83066774089244
92.82637622283136
92.82590338102167
92.82731743202743
92.8260796322806
92.81907396390844
92.8179598073962
92.81769037091016
92.81368201474615
92.67821151450082
92.68416702172654
92.68121827704249
92.68010979407386
92.67737560233826
92.88299084516562
92.77312474746368
