119.46374176632841
111.87555462432478
106.72329352543294
106.76919429222266
105.78494153517427
105.21563618288886
104.4761936056063
104.75666163026833
104.34845491231506
104.39583509051664
103.92217844477497
103.4629922326047
103.51798845600702
102.7939934068631
102.97978417499802
102.93531553199266
102.93192775110941
102.89648710884512
102.60133370459619
102.62168729876575
102.5854547313497
102.25853543300056
102.26232661307493
102.27679520047134
102.29737490036919
102.21279814655954
102.01525154721047
101.87211123132455
101.92969694776026
101.8386596670147
101.85171626172493
101.55048534379826
101.86035787409185
101.83465177118734
101.82751358767665
101.86532433022823
102.00394018824791
101.79866573540862
101.8222694037551
101.90992491182152
101.89424780570168
101.92837045986468
101.8719411108871
101.95875332390146
101.85807145054578
101.88006917557134
101.94414254299613
101.97957486035752
101.83492539833318
101.94507604803675
101.98107262635057
101.82654755936656
101.9679024534825
101.86648154874864
101.87385096365621
101.86766602769144
101.82356082338679
101.71967849737342
101.76226865144598
101.87280907231026
101.78362416395011
101.78185332469948
101.71189791233219
101.81077523924166
101.74565280777463
101.66397180529323
101.65590174252131
101.71234108137939
101.77656042120587
101.76527887906707
101.66823905410403
101.83216001630306
101.70872510584277
101.62708378638925
101.71856136318081
101.62994752515998
101.58381622340407
101.63102268315149
101.60122368883299
101.75601702882905
101.76426616250377
101.75925164604291
101.61305498761878
101.60745552631163
101.57498983702368
101.5598167029076
101.63126286984586
101.65669168152684
101.61589731357941
101.49858746862552
101.56086318069254
101.50162159901949
101.54387485017402
101.44073828766405
101.47563997984776
101.5395198525663
101.51739062471026
101.4814331215102
101.44020236599778
101.49733935766547
101.56556101956649
101.46559146516566
101.52090973352291
101.56266460724139
101.52897975344511
101.49336047812352
101.45259968892965
101.50335484675696
101.5171131341852
101.52102063982888
101.45763344569312
101.46138891410735
101.49959943075565
101.48509570280206
101.42109627958034
101.40543181217592
101.40450550807671
101.42413668700512
101.43526393232871
101.3981739465298
101.39067923569621
101.36906286536642
101.32756229647862
101.3164455270231
101.2855066261052
101.26487839540283
101.29493271581913
101.29273849999596
101.29284036999435
101.26652592332735
101.27396358042958
101.22582643796987
101.27530043389639
101.33137785864963
101.2410384711499
101.29784003290453
101.23434564383952
101.21349360237946
101.22089415974902
101.2552509409891
101.27962337074412
101.26468818395458
101.26048663529103
101.2799526209609
101.290882963813
101.18745348421928
101.20993458949911
101.21258985335773
101.2332223752946
101.26169693335117
101.24354091440094
101.24875696905825
101.23406578681347
101.2253626090948
101.29739048634606
101.23228356965512
101.18476007266426
101.19543282935649
101.23531033603554
101.2248333219561
101.25423312256054
101.26571981406457
101.24259867055717
101.21388203451077
101.2137355377375
101.2148003843791
101.23576249151597
101.20839655713576
101.21173315122958
101.22163760546708
101.18902417650833
101.19084551922114
101.20432654865773
101.22715474163141
101.21834813915657
101.25148219165102
101.17649238403342
101.18917942587838
101.16914479818972
101.17201310993785
101.20257595193802
101.11757607705239
101.14549929617142
101.10343593634653
101.12251816817557
101.12724062717355
101.12047392038494
101.1182123953054
101.13254950223633
101.14068576871546
101.13619113054311
101.11490681623498
101.138053009796
101.1424534164949
101.1411447040732
101.15921135044636
101.15457235268828
101.15274348041017
101.14901420580497
101.14495150824118
101.17850137290318
101.19727891570814
101.15988612492917
101.1766973019008
101.17066536856638
101.16974591285347
101.1584395797472
101.15191209322735
101.15256295044912
101.16048228151482
101.15945282445723
101.15375104043389
101.13873803401145
101.13609576665019
101.14434192105342
101.14201910706083
101.2080843283833
101.20675966722558
101.1716677714094
101.1762585453321
101.2160217163424
101.25001615012431
101.24631835620912
101.24284728886842
101.21811091189522
101.20088778130196
101.18977800376592
101.2084226567861
101.18486668930056
101.2021960190001
101.19851436299726
101.21087045879098
101.21611466660457
101.20688150173326
101.2035870449808
101.19401619733624
101.20828464910052
101.16932533653356
101.18233056947989
101.17096910958391
101.16846233062049
101.16646931913274
101.17972113208904
101.17239113733353
101.16361710243476
101.15188754676315
101.15816160990089
101.16050054888186
101.15894557865721
101.18076030535288
101.17010069266539
101.16854145713542
101.1587552025536
101.18021350234126
101.15598886365746
101.15098441512366
101.13466102118078
101.15204158553598
101.15341494686588
101.14381091221904
101.13900501908941
101.15124606003944
101.13896977515746
101.15161526163378
101.12607633396824
101.13900044167991
101.14370540256007
101.15162883383303
101.15728351823408
101.15877578852303
101.14796549596662
101.1262583450566
101.12773457468433
101.12785228220567
101.10513213697418
101.10266441686333
101.09174238400284
101.09082007892671
101.09482960197121
101.0967104540391
101.07758934748173
101.09954124211268
101.09639233889412
101.09776916094593
101.10608554346885
101.10564379162649
101.1033468885859
101.10822175207264
101.10129861945185
101.08596023572306
101.10873923102446
101.12068959999431
101.1144208154665
101.12208285343968
101.1092545428112
101.10763388390149
101.10098664197791
101.08877732127343
101.11231577107928
101.10210338369342
101.09860087829915
101.08946297762087
101.07217073852374
101.07563392372307
101.07947312490953
101.07483645167866
101.05519426940985
101.07510109809844
101.07242264268305
101.07758286759429
101.06902280502345
101.07024523339808
101.1064016120868
101.1052350551464
101.0965155647919
101.07028694458893
101.07229826947291
101.08030805171919
101.06979025601257
101.0704707646861
101.0685082216144
101.06732014734582
101.09024436347762
101.08957650787407
101.08520511663524
101.1138425671414
101.11549032457916
101.10970237559673
101.11324442108594
101.10057020010451
101.11724570103614
101.1138963941791
101.11551591594305
101.10993462841952
101.11026529799463
101.1235406310438
101.10749698789098
101.09444025032622
101.0919573349707
101.09907101228455
101.09993152923361
101.1022061494288
101.09778668531109
101.07287340623128
101.07364793086751
101.0774521976361
101.078114554306
101.07882536845314
101.07386832302413
101.05704636685186
101.07051866454923
101.08096829238646
101.08771233311552
101.05657582244501
101.05685810836174
101.05778319985339
101.05391487123312
101.07379743634225
101.04910360959302
101.05258203831626
101.02786259807237
101.0222528649983
101.02900405134746
101.02619473267565
101.01984295322474
101.02089189236034
101.02766400729945
101.03400373128507
101.0393440482995
101.05781004186836
101.05913775527884
101.056863997574
101.06438475177073
101.06324678556774
101.08001039594421
101.08859214878156
101.0885716123315
101.07842658986316
101.08641195743597
101.08926759052177
101.08208453902603
101.07190517418218
101.11035237919208
101.10003881385163
101.06430642722508
101.07661195012348
101.07489206762406
101.08296742874128
101.07634987582429
101.07260143408763
101.07211734731095
101.07105518944535
101.06976697855723
101.07063469560322
101.06193504022517
101.05893185654018
101.05886057490675
101.0594389115837
101.05603683405847
101.09461036032704
101.09791687084973
101.07260056733828
101.07095565948153
101.07284577815705
101.0680601307944
101.06731567241965
101.06145827570585
101.0672786284066
101.06089939375693
101.06252755527434
101.07974611842614
101.08051345168084
101.07993704959391
101.08231277856139
101.0801276272069
101.07942760680916
101.0762671954284
101.07935976374408
101.08003689868089
101.0825814867137
101.08251075210657
101.08698209489134
101.08481561248716
101.07986136340233
101.07539240613225
101.07560237021923
101.06801163013577
101.04771324499356
101.0651348311081
101.06656080763267
101.06014578236665
101.06624232177761
101.06770372132108
101.07030087111357
101.06887620188877
101.06885697089996
101.06709071762663
101.06608846149396
101.06950607754108
101.07401909491574
101.08501541167412
101.07422750901729
101.07689216985605
101.06355879965112
101.06327902385284
101.06933092136173
101.06103175825118
101.06321655188893
101.06275498634331
101.06190611260197
101.06341012207912
101.07156776124573
101.07402900734415
101.0770525753691
101.07690680793598
101.08347685575829
101.06899825353518
101.06831135311113
101.0883262015167
101.0816428113801
101.08599634750075
101.09873559581837
101.10167836092316
101.10502531957518
101.10558761535371
101.10455089522135
101.09553791857049
101.11008202898397
101.10509976159693
101.10268332831691
101.09978706834237
101.09662834545735
101.09697432478049
101.09624270145152
101.09755851120708
101.0891217838324
101.08661480757571
101.08550216096468
101.07910111460207
101.07965506379104
101.09130053459211
101.08179601560809
101.05811984913366
101.05378956539144
101.0568908741219
101.05379992610114
101.05836080855224
101.0433079316576
101.04194085899813
101.03907944997651
101.04346751438152
101.05241857925748
101.04116323318061
101.036379821873
101.0361950088541
101.04120880365144
101.03939682687667
101.03603759730447
101.03313503416769
101.03179601286796
101.0437173428852
101.04371660901035
101.05420017262533
101.0551375270118
101.04741444565977
101.05401976663084
101.05025698504052
101.05440175297602
101.05925997437056
101.05697203574132
101.05750595288819
101.05483447884477
101.05549335076549
101.05166545627763
101.05057057963221
101.04909234926336
101.04835642074347
101.05035244297761
101.05330290190572
101.06306356992181
101.06679473859043
101.06720150095414
101.06391440774838
101.06354679338246
101.06351379218006
101.06033332825884
101.05812061533264
101.06109432225563
101.05558017389212
101.05044821811467
101.05155436176314
101.0517228715013
101.04926187284872
101.05659900036552
101.05215845926159
101.05373786923663
101.05632879872779
101.05831496595387
101.05774224766633
101.08258659627126
101.06034879845649
101.08841173039119
101.0966696868677
101.0949791391384
101.09419136310642
101.09264512725808
101.08614116964513
101.0890290253567
101.0822916806883
101.08436739151915
101.08419656948341
101.08289440787219
101.08472060670526
101.07781740624148
101.07702147534384
101.07573830119863
101.0747005542454
101.07657436009217
101.07912188588094
101.07894529751428
101.08134675723089
101.07793554029274
101.07806157324264
101.07868718691061
101.07574796748335
101.07424851797468
101.07728384816373
101.07943140704035
101.07779270054631
101.07809774320059
101.07775334284258
101.07896100523767
101.07826286378085
101.07600964856248
101.07524961643024
101.07596380376133
101.07751806828328
101.0780850261999
101.07783367758587
101.07867371728088
101.072265778302
101.07250813382164
101.07400442303927
101.07586961537653
101.07723167007624
101.07874270558762
101.07720728754946
101.07501814189081
101.07470340037798
101.07679687082397
101.07655523871716
101.07321344377463
101.07312255098044
101.07074759257887
101.06758206578348
101.06692842000308
101.0690892493429
101.06945522256268
101.06718063168151
101.06744814285616
101.06781145982512
101.06566749039894
101.06777317718372
101.07112572951512
101.07267091896139
101.07534319849388
101.07463486837706
101.07946542739093
101.07936638831464
101.08017152222958
101.08499961666767
101.08784715853285
101.08982065308933
101.0875042767272
101.08716198181892
101.07950549072291
101.08028043061664
101.07749002457581
101.0788820874356
101.08424207727732
101.08369016587474
101.08663197354542
101.08303030781282
101.08319457040004
101.07512730469604
101.07429067269295
101.07781079357255
101.08568539454261
101.08594859391225
101.0919229905771
101.08980925506901
101.09119825068532
101.09565049698135
101.09567211728778
101.09469025522452
101.09582311139891
101.09403320613545
101.09520669911157
101.09015865293118
101.09059580246218
101.09632593018881
101.09568691526455
101.09725375182443
101.10097280944706
101.10082420435138
101.1035273064732
101.10596661674366
101.1030579826865
101.10186038838467
101.09980406996557
101.10170547796021
101.10230544304976
101.105334740764
101.10702171860002
101.10631054837349
101.1042598830444
101.10371848488688
101.10668907046427
101.1070734777631
101.11091727082433
101.10758858929236
101.11114185265863
101.10678435401667
101.10380025753355
101.10121222780666
101.10048542542731
101.09402213665089
101.09169348293233
101.09065784581156
101.06631481815062
101.08757410371584
101.08741301570008
101.06450353223816
101.06271622197474
101.05793126467577
101.06143293546772
101.06107463615373
101.06324255179202
101.06372107385212
101.06512299753331
101.06555200970324
101.06340638792585
101.06309465154261
101.06162021670936
101.06167629574438
101.06605175138621
101.06994824767897
101.07379538321157
101.07112111342872
101.07217022464026
101.06831635151453
101.06974870663154
101.08951906947658
101.08884125004609
101.084861456357
101.08188419632376
101.08629207127932
101.08677943207394
101.08859074120011
101.07809960532067
101.08362832442408
101.08177140434393
101.07938457175105
101.08065170454536
101.08365718325284
101.08412419613595
101.08399333332504
101.09095851615945
101.08908693720205
101.08674538913499
101.08646376604258
101.07846205175088
101.08025264300025
101.08284217862644
101.08108455700436
101.08628759817474
101.10054281292494
101.08099670631196
101.08364112764681
101.08361796502005
101.08396559894031
101.08955201321027
101.0878603548372
101.08761593015662
101.09067971423744
101.09003467785732
101.09008276323274
101.08586300594885
101.07726847955058
101.07802454588689
101.07624761005873
101.07456469459686
101.0815530293853
101.08071467841776
101.08098929271127
101.08239050587315
101.08115924980201
101.08283183668156
101.08340094279964
101.08101736746467
101.07971288211905
101.08045764047695
101.07716142452121
101.08130213867452
101.08073822117566
101.0831608161893
101.08092196712836
101.08413653069283
101.08675317653035
101.0877465490897
101.08811714781952
101.08521981283806
101.08662289714152
101.08815317590933
101.08723911181607
101.0882739067097
101.08792600261799
101.08961768681647
101.08891960584334
101.09417741729192
101.09560354215806
101.09765380436009
101.09905083191903
101.09760341939077
101.0984093658681
101.10340262824478
101.10100617654626
101.09788461234561
101.1069093314162
101.10477841249707
101.10661599308601
101.10486535245262
101.10496851766923
101.10527576334555
101.10963521767619
101.10269733870213
101.10563442971223
101.10507402265853
101.10471274200803
101.10314366707084
101.10439065212432
101.10493104224402
101.09906542671602
101.09547432933704
101.10452482659261
101.10209316057829
101.10170598001172
101.09892143317094
101.09906508715527
101.09977843051952
101.09421095172767
101.0996261627754
101.0966956660746
101.09744459904027
101.09685782838692
101.09460315645029
101.09554321500072
101.0933344959156
101.0929322519555
101.09485655606233
101.09667838294932
101.09358266114334
101.09248592377503
101.09417892141667
101.09421596253569
101.0976727021734
101.10187241289664
101.10099100261125
101.10205030307745
101.10261681200878
101.10435711415779
101.10775187462379
101.1072501994461
101.10687883911083
101.10881690488152
101.1093883974595
101.11208605817637
101.11037575001421
101.11026318724812
101.11157482158829
101.11189015952279
101.1140699063361
101.11017950772697
101.11034071133892
101.11148805358135
101.10955265326831
101.10904785985404
101.10691440377074
101.10651486154993
101.10764089599964
101.11110139374152
101.1119135432794
101.11558993554395
101.11729599348007
101.1184305625094
101.12015978220842
101.12070886491924
101.12128697599495
101.12057903712646
101.12226949866978
101.12137890203896
101.12476365375454
101.12410457668962
101.12196096202777
101.11840630968105
101.11803736946149
101.11880845333678
101.11764360426208
101.1161815652109
101.11614811761856
101.11572793042433
101.11395361161048
101.11166504515627
101.1101083660201
101.10648224685788
101.10884144415606
101.10690731954612
101.10996019083105
101.10915963611112
101.10768598555009
101.11021338989134
101.11053468293969
101.10940357462522
101.11073868902564
101.10928646896213
101.1097047350584
101.11083987164716
101.11087035937621
101.11288220210933
101.11254134488586
101.11249843481083
101.11393458137455
101.11408201178939
101.10951953593731
101.11351910189094
101.11754098782536
101.11762989757464
101.11740357048383
101.11731045798984
101.12669218713216
101.12546889058149
101.13071495210856
101.13114746695983
101.13277336346566
101.1324282964246
101.1336315578846
101.13509458743202
101.1351945481339
101.12768506551969
101.12907070447267
101.1339000825553
101.13198543329005
101.13241259426637
101.13481440178866
101.12408927646646
101.12345074232805
101.12329402716298
101.12258623953885
101.12809290835477
101.12985441140071
101.12663069510533
101.12470921988853
101.12671700252766
101.13732535759775
101.14586885682948
101.14320339463511
101.1428869463956
101.14016964354295
101.12558560458595
101.12618190482918
101.12689020514127
101.1274276567682
101.1261245649903
101.12456558177594
101.12261089453325
101.12663206977219
101.12632409231394
101.12705429684296
101.12851493650282
101.12376883714026
101.12579032942249
101.12562024117713
101.12699247023878
101.12679947949462
101.12600322348796
101.12809968580082
101.12701337702059
101.129138797512
101.12925666600997
101.12821169837743
101.12722551681276
101.12958766466912
101.1301768706825
101.12924862604287
101.12672313541505
101.12659686950502
101.12754907869362
101.13070517794053
101.12881680310115
101.12994510523312
101.13076094328525
101.13015943693404
101.12893761016456
101.1307440809814
101.12751685207526
101.12940046832361
101.12646908934182
101.13044277730864
101.12801991378149
101.12781139130871
101.12846552437506
101.12839705706622
101.12309635163642
101.12435568318612
101.1249028604621
101.12494207252493
101.12863449259648
101.12930202744097
101.1300523800329
101.12976159613957
101.12217070354109
101.12141111092316
101.12047487719275
101.12701319688428
101.12743698876982
101.12655868818234
101.12675596697913
101.12672409082296
101.12817531097039
101.12927456488629
101.12889071545875
101.12889571565384
101.12945280270422
101.12748869127768
101.12787403703042
101.1295294316759
101.12745417730075
101.12939806738275
101.12734984721374
101.12658688947745
101.12631600361856
101.12733053160936
101.12876446216423
101.12907640374777
101.12743333610464
101.12797576327353
101.12942616043392
101.13067344632678
101.12895846242911
101.12890610103769
101.12895077085135
101.13069011609258
101.1303452743174
101.12944942998197
101.13021281987892
101.13205285243379
101.12863224886551
101.12972972631358
101.13071808058423
101.13115447712802
