148.58668338669037
130.18973025008384
127.3734223800921
126.71992496408085
121.54890095810653
114.48408758623998
113.2916478751143
108.70334200298646
100.49465306122897
102.0005663878117
102.85317051376681
104.0906288373915
97.51514653296528
95.76008815856243
96.1485113584031
97.10611354206596
87.80246588420023
90.90170522039386
83.62291586808402
84.58957638761571
81.92231526874588
81.73722279924336
79.22554912678373
84.7322323312086
75.38140972227232
78.28133259384106
78.9857920441378
72.5671926163489
75.51096684975597
73.30874688989545
74.45149038185869
71.17472617750643
75.26697161474448
71.55612294309618
73.3187843720918
70.16881470929994
69.38914957465008
70.50877511559551
70.19362120578081
68.94583968346603
68.09943876477762
70.80939155680399
70.74365971827739
67.97401750093813
66.09481673894425
66.62178752955379
65.1891622665032
65.27209585766414
65.50840457218187
68.32006369777619
68.35311458033514
67.24365010422225
64.83722935926399
64.41952313050518
65.82278486948269
64.4472393766791
66.95157220543425
62.56898228512934
61.77141314828639
63.97011419171937
62.830820018836924
61.0608170811805
60.129791820330055
59.948203676612295
61.29824507198055
64.41338451127909
59.63193336055417
60.56214992178802
59.788072532765995
58.07049406089424
61.95708145874659
59.25751759165326
58.690933442956954
60.56271522556352
61.9663629242776
60.602792867192335
57.20641351291217
58.93216496326344
58.39394684889938
56.12727455280049
57.22228302201503
54.74173867373634
52.59121014229008
53.399418862324
54.18052151050101
51.53531983079524
52.9860958086664
52.256734002493545
54.04465678788165
53.30382854029148
54.79169693612548
54.74565409987862
52.04172715374117
53.190832532811925
53.695597904603034
54.65008160599965
53.494506598165756
53.96122473954406
52.257775793633066
53.49827740899814
52.780403946718245
53.24002759687218
50.93974315353543
49.72001189127722
52.7122536837732
53.77059907777907
51.26274583772895
53.643767869243234
49.874058283680114
51.712915775195576
52.584766773021336
49.21354852910481
50.14942115403835
50.600436596346675
52.24691837638465
50.59615617816346
52.28574874775574
50.5100200892324
50.98482822087284
51.5273244262682
49.95262520176577
49.68599628097198
49.58604141126735
48.69524894263796
49.39665652619582
50.513074527422006
52.07754540369893
50.72427626847549
47.98814262400424
49.49692219340032
48.16667224740866
49.62819465305105
48.42575351619021
51.296735460141555
49.56371775757545
49.62522401508717
46.814055315045984
49.274642431134325
50.0776095368427
49.26144443822809
48.42858045831304
50.595638391148505
51.42232360656643
49.520528581432586
50.1391912415414
49.53931763694382
49.143179350868614
48.1276933875649
47.29644054950898
48.205243636008014
49.78756009373683
48.897420650172734
47.9533643352081
47.62724553826292
47.62933676233582
46.923069759489124
47.206854239677604
46.81470489679458
47.166838167961224
47.17816146705189
44.38074626608338
46.312947679289444
46.16040178397016
44.47884272291914
45.33958463451954
45.94519722777424
47.76545365848347
46.4723857418293
46.89338319046818
46.54766793543706
47.05452459644912
47.153698647761715
46.743060584634975
46.550515247699714
48.331392669523474
46.12419155547001
43.11873554756264
46.627719360010445
46.43395815723853
44.66611207845421
43.26001799228536
42.584402206826205
42.13444454338931
43.39685566116173
44.0341453897164
42.985758785858664
45.304171267081486
44.98563092893316
45.8657815256319
45.19049209625593
45.74224688244203
45.47402184678306
43.82581259953561
44.220018193225286
43.93761174061668
44.6867213996167
43.13839297680001
43.120574164246875
43.31235477842999
44.723406057565434
44.22800883503167
44.29462993607742
45.115584968266745
44.80393090803969
45.512797413470864
42.19355739972716
43.30964587569032
43.844063744854644
43.52391557329461
45.28637873944929
45.687922122864364
45.179241943492976
44.85252375496004
42.44265632942161
44.43435438151562
41.0868049194431
42.819574215870354
43.523582384298926
43.41042972426421
42.68722997964237
43.345913638532316
43.561072198999746
42.244762138744534
41.28082161237542
40.31789237766879
41.60911253253839
42.18867189299074
41.531143927755075
42.45199671491478
41.25677231735623
43.92990115076409
43.63256973315755
43.32922807738389
43.362179119602864
43.53725792448193
44.207098432864925
42.025092008140405
42.41734350929597
42.972154834205455
42.70905386383796
40.57830409932633
40.41363343470872
39.909287565256136
39.45986890106342
40.88678973096761
40.67631131997139
41.491302320662406
40.4777312575397
42.20977942692317
42.15421308442241
42.69185506191227
42.34603789464431
44.04795594633217
44.32896210030004
43.98157376381647
42.35579953205022
42.471720615717025
41.86122314961934
42.21108036076831
41.89230799803399
41.494148041636166
42.46222072199944
43.07549969860482
43.17376230260962
40.70163539871461
40.611171956896435
40.70785440811699
40.57028041429194
41.10187552690462
39.695630867829934
40.13248652818431
39.627006635565365
42.50135547146878
41.23388896212514
40.22707163402526
41.85539384057675
42.918168578741984
41.90444492222127
41.986466385371486
41.359610819761365
41.42099887182539
40.66417151434572
40.66394764266507
40.391182495238475
39.70501145581806
39.445803330815814
40.593058044637615
39.11622659469237
38.990370065707786
40.036251046911744
40.366915710310536
40.35932266881255
40.8819288914959
40.32519605729966
40.100604274931264
40.290900680235204
40.61704114229342
40.02251371735353
40.526635623700145
40.783737566299095
39.91273824674423
40.7183302743419
40.76721990090669
40.74878359011895
40.57959000320614
40.30306274654463
40.40680149409376
40.47176813354233
40.67619719381776
39.972163074437795
40.13970933721807
40.46662705746099
40.63073756032905
40.6125093134181
40.7718344355197
40.80152318159827
40.79558026660027
41.368760472757565
40.92000746372496
41.284828850140094
42.37978652759902
40.77655038433999
41.27515724806942
41.90907491845706
42.2542603050471
42.75800094075502
41.65811905225903
41.05720236176402
40.45051638465487
40.98086417163333
40.4813171130455
40.57814149366623
40.58007364145165
40.098067120547256
40.11272227297653
39.92489069722457
40.525995353022715
40.461107513370024
38.95362994409297
39.76683811679234
39.76234013168842
39.46457544019122
39.44924079796417
39.53182003810181
39.80005450023165
40.461826084620576
39.775107841071154
39.773220050943486
40.43415867597299
40.43609340141331
40.047905081412694
39.73403865208207
40.23343420920818
40.23383955349817
40.637612409873
40.765930756141884
40.349312296590526
40.42861125085854
40.429024439359566
40.25342433776945
40.21164516198755
40.17367589030508
40.04453429067976
40.344076456624826
39.89268082723267
40.47763667083052
40.43908729181251
40.38703840666462
41.836373579208015
42.0585177833317
40.287080159342565
41.588773951172115
40.18466370105949
40.16091930195225
40.78201226770248
40.25649474804466
39.865701660064474
39.658058780597365
39.53442436520872
40.12539732316079
39.59288277348825
39.25989946515811
39.02340959856415
39.00715964455186
38.98838918012183
38.968333172992644
39.52068065189235
38.913797734885776
39.05630292200814
38.973171046347794
38.99342309780187
39.05917683728272
38.91097820696844
39.06038394415504
39.027305672681166
39.32774383489262
39.62028708043046
39.36756872327372
39.574016535726535
40.27257939433796
40.24117391320632
39.9444715032069
40.421964746478935
40.356141808491984
40.349587048342805
40.60546619798322
40.33677273268164
40.63115346558946
40.655631277406044
40.02674610837338
39.85431125878635
40.4803054808021
40.47166850963436
39.78070004085989
39.31796030128289
39.317914565608554
39.318674213945876
39.52872223051842
39.52427911956688
39.516416238687604
39.257925021620665
39.20892696654181
39.71319079081164
39.70095942422624
39.70648616225953
39.64928448232331
39.645761754715515
39.64371564246861
39.09167016687556
39.06884719134985
38.80740668813437
38.77874286011286
38.58364041670389
38.55883910489719
38.316008046871154
38.87400468397587
37.85957535030992
37.621697569919036
37.36316397289803
37.340838835039044
37.323923513046466
37.539786865001695
38.18214773396113
38.00441991498046
38.252443903079204
38.234478711077735
39.3828502028392
39.3519432620722
38.927972892622286
39.31974402239387
39.30063548973486
39.28455731741829
39.27005971898749
39.48511843919772
39.47132720145893
39.03092138063209
38.780556513076284
38.9175548963407
39.61847386696361
39.283966977001505
39.26387994062436
39.24225959430809
39.166016699296925
39.15269073648245
39.14269922674137
39.52579065386185
39.12523223857526
38.88511112469252
38.87666306228001
38.87055165718602
38.862926610888685
38.85385441465789
38.84376627687065
38.880052184045184
38.87224706373335
38.88043056059997
38.85193575803416
38.84591926495941
38.75570349788743
38.744274379727614
38.73665695710658
38.72554068546737
38.93334548870102
38.92263617215934
38.68280287503058
38.54701444705397
38.4660191219601
38.70182505840632
38.67993274689201
38.67079567559514
38.36241160421472
38.55628403785656
39.34654405194264
39.44126705836358
39.43397896229263
39.56023526473412
39.47991957674461
40.037813963224316
39.89450585252153
40.0307055689774
39.875876337736194
39.806378845611434
39.79723023415561
39.790526262722786
39.78143458997048
39.774269070928995
39.76565789381329
39.75370162814331
39.74006645118881
39.73004706221803
39.72205276176238
39.72081143335441
39.78820250621928
39.7897868724338
39.79050194062769
39.790262020728896
39.79718010912188
39.797354056308976
39.512404597574005
39.79060710468873
39.777046561467536
39.48102130933719
39.467078741005125
39.452944610345355
39.98999452220742
39.4236023564147
40.09165655336393
39.25818495965974
39.24445442272688
39.91656099874132
39.83911311619211
39.82545486561888
39.87520700709934
39.18390509419757
39.15936294301183
39.13877820515313
40.06884754269208
40.05857299941027
40.17330069044098
40.16098160757388
39.876514139307844
40.129851379068946
40.119215725468955
40.10830627619382
39.42487512170545
39.9607433828953
39.38799288959237
39.23451858494079
39.22464004972523
39.92967862018285
40.031379824843135
39.891293507896115
39.568604021276414
39.84845565023225
39.94868211978335
39.82408067741109
39.92170076107123
39.91509171634771
39.90330663495886
40.21179024440868
40.20253328359243
40.1954517651204
40.188123634658425
40.179532073842864
39.85528517702036
39.84604246704226
39.833768015697835
39.83117334132059
39.82395869314042
39.81632216111514
39.79119893987352
39.79054471323668
39.775736974170314
39.77313912912258
39.76240751176665
39.75354717427475
39.733863374608234
39.70035323799351
39.672285100209145
39.65086175976886
39.64427401361853
38.40196381297868
38.83059383903559
39.09101412462765
39.36052710717969
39.39332702533211
39.96611426399576
39.43325008087579
39.948198488019116
39.11113037087207
39.4212062600339
39.41140472771577
39.03652691992557
39.40818108168669
39.025131664608786
38.677986789207175
39.01305596853741
39.00732959251047
39.37850937941932
39.37485500519313
39.88805361653107
39.8825414792331
39.56703632844908
39.55946010447435
39.55777533687209
39.036469310772084
39.1971144712165
38.816979508955924
39.35597195068113
39.72232821478781
39.461600938369145
39.70855756895018
39.421232087695685
39.414637392645055
39.65947037680008
38.30632938785099
39.233229638481426
39.229189686597024
38.71140131304409
39.217545178817765
39.21401654652952
38.911899213738295
38.907479135336224
38.93250135949382
39.106065632011756
39.10313491227794
39.12664422939641
39.12206091229921
38.884821193957045
39.086499708502124
39.52467259164211
38.83522285745499
38.71568474528962
39.18411979540764
38.63990644449651
39.139563064781775
39.135278990674664
38.96435060897472
39.16433562111398
38.89595682765549
38.74771909740233
38.54433238696037
38.57138855072137
38.742559318464714
38.56680636456258
38.76399855310267
38.64244108157818
38.47323045588797
38.665516174376144
38.769021998073754
38.76818018024985
38.7640010269698
38.75980977449724
38.75548916191872
38.754477558453495
38.94932948586697
38.399523583689366
38.39735696685158
38.39307758926846
38.39141635828545
38.39027142108078
38.390051756353536
38.38719511457318
38.38487916487981
38.38134087759528
38.35710295873134
38.354577576477816
38.354239059086495
38.35275629061345
38.353784203025434
38.35339467318202
38.352465306384524
38.384764322185454
38.38461096851016
38.382650946627315
38.32988010740119
38.34725739123377
38.306413550569786
38.34150974689394
38.340414880492204
38.33676028951301
38.33733414473736
38.33417332985674
38.33227437297336
38.33216827533739
38.472284812167
38.47157973340771
38.468315126975135
38.46494000338068
38.4644310728763
38.32109468279442
38.315327456137865
38.30770705140096
38.30674208101431
38.330519561297415
38.328741117637776
38.513722180136384
38.550247697694054
38.54933173685065
38.542935080268755
38.489396238370574
38.282271398870535
38.44886228064182
38.43981891487187
38.443605828117285
38.433364190608586
38.428394416968175
38.343412823558566
38.3435408868074
38.34220861030107
38.3415087340299
38.340106493971895
38.33540214424913
38.33005200057648
38.31084842414636
38.292706874021675
38.273881228788845
38.25481926542841
38.016130873478915
37.99931115308317
37.984119597106194
37.96746030169524
37.95060279133556
37.93120127677242
37.91506342845383
37.90014196356911
38.103774195081016
38.08775815443296
38.07587720347956
38.06346382587096
38.046781939499596
38.03279277785443
38.01780670595433
38.002101975831486
37.987369651375154
37.97635950274788
37.964506096919095
37.773031383336175
37.814361247223374
37.80774701652808
37.7949599364426
37.73471715164045
37.72433470079633
37.76594702791599
37.75462893206245
37.74392021852908
37.73300085918391
37.72315557998608
37.71347273369934
37.702245419012
37.69273462729234
37.68380326694224
37.67560390613298
37.66748608564945
37.65770540849712
37.64867993114235
37.64031244925986
37.633208748050244
37.624602156236335
37.616836751723135
37.60862858649922
37.59875658145903
37.58878161774733
37.13118411906174
37.12474902950555
37.56417681023349
37.55785007786234
37.55291825905391
37.546244940137576
37.540001870419594
37.53150608349344
37.52294841915846
37.51323312030884
37.509952482967684
37.50060033988017
37.4925549008154
37.48776214979192
37.48301272930542
37.476642874822296
37.47127481496846
37.463437154791045
37.45686344897165
37.448268466516474
37.39274571126398
37.38677356332765
37.38083596325828
37.37377148979554
36.97623467397868
36.97084033383096
37.35537835448433
36.960491526947834
36.90658689162333
36.9008887062584
36.89432919670734
36.94296278342126
36.93833616056446
36.93314023109956
36.78548262762981
36.78005021859388
37.26031989542983
36.824016115066215
36.82100252430603
36.81756089617841
36.81390154769665
36.8102169648258
36.8058074195712
36.7991675107602
37.22571329621543
36.79283195715802
37.2179324370708
37.214886697834146
37.21084889204456
37.204934314965385
36.773432266999855
36.7682918250805
36.76557621838485
36.7615825941946
36.758297409521084
36.824971588522345
36.82244477746591
36.818486641842114
36.81286515921033
36.80666768492183
36.80012368083172
36.79755435545639
36.79235036402807
36.78743926126063
36.7840923278043
36.78098430511221
36.77738833353881
36.7716633259119
36.765210490573814
36.759498480842936
36.75578570406988
36.750248649502026
36.747653251783255
36.74354909340788
36.73808503859185
36.736515624209275
36.732329763460136
36.728166119294386
36.67906509396039
36.721971413611456
36.72017008508733
36.72076595867782
36.719881793620445
36.71562075678355
36.71339357854846
36.70707173324557
36.705464474422826
36.705781544781246
36.7029331054643
36.69714614063506
36.696297244888456
36.69553589165709
36.68946921534514
36.68607734293049
36.68269975003038
36.68060473258661
36.67973118704941
36.67704948361881
36.67462273119905
36.674184505901366
36.67399012443035
36.67374247083619
36.669267660530764
36.66623623597337
36.66464279555825
36.661751846863204
36.65949728880176
36.65466664166797
36.65262474643467
36.649161882728976
36.64720177577294
36.645337176661045
36.64362433619475
36.6407512103707
36.637034954344166
36.62778851140579
36.62485192931625
36.62221823274191
36.6203140196528
36.61720755287121
36.615453658897444
36.61261120674534
36.61097281826387
36.60936890269285
36.6082534389847
36.60777781423275
36.60401160814881
36.60222422903051
36.602428737565354
36.60214583133595
36.601214749450065
36.59983511246773
36.599119901599146
37.028022439268526
37.023950958724015
36.590716950579186
36.58908766976818
36.98958110170504
36.98719107843842
36.98632983507798
36.984481895648905
36.98052788691841
36.98147588641007
36.97902125765799
36.978398805161305
36.975038810843984
36.97405174872416
36.97081150046171
36.970881515361256
36.967436254991355
36.96496007209421
36.96151774763399
36.95895072958299
36.958084193873674
36.95710121446507
36.955290419209376
36.95606418748417
36.95444228412244
36.953681602225416
36.95121246964637
36.94912289851214
36.97367082262185
36.97289622423524
36.971000087348195
36.97005286865084
36.96900286006355
36.57518580081458
36.572192247919915
36.56984787134919
36.56957088103487
36.56898309374976
36.566831127661615
36.565332863357845
36.56469627388998
36.56373955085747
36.56453736756783
36.565505763453565
36.56459847750821
36.56390403921129
36.56016721375388
36.557500340633304
36.55753791927236
36.55729005689727
36.555332870977516
36.94261938728959
36.55686058272155
36.974660892372036
36.94531310024221
36.97113430733203
37.053623284615675
37.05168803046459
37.04883699259408
37.04894843704939
37.04683241153724
37.0440002898347
37.0454467590203
37.045409455302604
37.04470036810669
37.04330686931694
37.04291118384892
37.04163058099167
37.040308916898574
37.038704469528916
37.03646660800534
37.03614876992817
37.03494422869952
37.03410623942214
37.030872617568726
37.02988429543764
37.02705380275292
37.024454048577795
37.02277232206618
37.02243793886542
37.021422393651605
37.020205818889806
37.01907861400345
37.017699301067495
37.0154523174928
36.89865312714794
36.89998841061756
36.89819535641637
36.897354192376355
36.89677605202324
36.894545130249135
36.892121134723155
36.891358547499976
36.89031879716207
36.88892545585091
36.886715586437866
37.394994013427514
37.393769579957045
37.39199881261445
37.38946216580952
37.38995496362351
37.39020663063029
37.094413001869405
37.09303214344991
