2.555775822089575
1.676558970117015
1.3077855127558409
1.035813189935058
0.8533809618545048
0.8518823374054731
0.6811972266690028
0.6152770259070407
0.5465116729151678
0.5308729181181858
0.5154178304039742
0.4624831555879986
0.45618685801727454
0.4544800533825489
0.43450464725856647
0.41770280767728346
0.413321960150107
0.4124440771484367
0.4001897677938585
0.402956443185313
0.39410105241223703
0.39025510051754136
0.38299291632527355
0.39093287082253014
0.3870707698658023
0.38919711384365585
0.371550265793832
0.3700624736712931
0.37566698615940325
0.3761988162932846
0.37548743804771784
0.3781942407857979
0.37831498816773157
0.37712124106492584
0.3686740577266741
0.3664282098660965
0.3633368750211069
0.3625418490169191
0.35275617096810125
0.35025267654694203
0.35777919595351815
0.3567617354566818
0.3607270152109657
0.3611467423965227
0.3559353725064782
0.3474829997965239
0.34757418601373213
0.3468610906647922
0.34585641589828053
0.3454252931228938
0.3460240171551336
0.3446271481579419
0.34377567433729883
0.3434982392737628
0.3411178286880601
0.3408930311740185
0.3413337736795554
0.3410269228086838
0.3409031617103382
0.3404600758253595
0.33995934133015593
0.3386449215594469
0.33438872636881245
0.33510344929129854
0.33460252169695404
0.33331567739532697
0.33422366424316047
0.3334758811224757
0.33310893429262844
0.33300305354487336
0.3323741532223525
0.3313810691301157
0.33146902930914723
0.33153294157955837
0.33157193611949987
0.3315895659430426
0.33025791171702484
0.3308148557368236
0.33034716698778754
0.3302779963619385
0.3300744559290746
0.33008300871008367
0.32860453527993116
0.3281831065457245
0.3268407817928751
0.32662452421494464
0.32632024300036605
0.3247460163892689
0.32498972680145155
0.3246523523430455
0.32589378587063417
0.32413093850738073
0.32572511674211263
0.32462321267390637
0.32554842970616193
0.3244337040243442
0.3254579444151972
0.323679396434608
0.32375176089463764
0.3229437876296054
0.322968300746307
0.32291676970744926
0.3225620260606803
0.32283661646031914
0.32265168936558347
0.32253061146549794
0.3224539141609866
0.322157466134347
0.32217729532060363
0.32184616788036113
0.32144916145650015
0.3213596591367782
0.32159636174580175
0.32114145546539885
0.3206691053148278
0.32060126576031805
0.32088227987526297
0.3210747857511469
0.32113875604852626
0.3212202722233916
0.32118728536369
0.3210222198250531
0.32044810822069636
0.3204051149371495
0.32007510526923577
0.3202747866446387
0.3206127189584774
0.32132732389821206
0.32125233521236374
0.3212003117813396
0.3210803173953697
0.3202500295090202
0.32013843041917944
0.3199129523953839
0.3215364472949865
0.32147641191656606
0.3213951295917845
0.32132738676564243
0.3208194685113377
0.3207623152419865
0.3207284512533807
0.3207339985221509
0.3208690238681608
0.3207367459765541
0.3207893183038692
0.3206577699163336
0.32076503342956364
0.32072560354456786
0.3206097143397151
0.3203103853492835
0.32039231534926693
0.320363346500138
0.32013934812090455
0.3201841908951321
0.3202862967070664
0.3200193963179759
0.31993009057614835
0.32003500929002726
0.31815486388661063
0.31804037680180225
0.3181240384711962
0.3180298950066994
0.3182454020464505
0.31822660156189925
0.318250586441599
0.31811709898608115
0.3180043182224908
0.31804662995045435
0.31817171158754487
0.3182720242089829
0.3183398084339379
0.31815301206398794
0.31827165504487837
0.31830577081401623
0.31843120383555884
0.3182828840072971
0.31845783841635866
0.3185251810955677
0.31859244952373333
0.3184842775782766
0.31848186080966245
0.3182319573447015
0.3184091448298708
0.31824302176849806
0.31814405276474417
0.31807170738488455
0.31795166924327334
0.31793057535874925
0.3176510142868595
0.3173749478059269
0.31748822318026576
0.3173672406262203
0.31738265082259925
0.3172855307987709
0.3173808520428406
0.3174058239032199
0.3173081944039709
0.3173235746399149
0.3172135877034545
0.3170392584852232
0.3170410002514202
0.3171995656826461
0.31688291958076364
0.31700977670134783
0.3171149462042981
0.3170636351675365
0.31700935739414127
0.31693398871823525
0.31686580051245034
0.316775887554343
0.31677747708037696
0.31675696042948814
0.3166468491361504
0.31652679708398346
0.316560039846368
0.31662239919213553
0.3165480793965938
0.31635901032056724
0.3160517044133983
0.3158474102534274
0.3158773460197776
0.3159637957996899
0.3159248746754163
0.3158645110923837
0.3159442874259039
0.3156975279523861
0.31580519673073654
0.31568379793515094
0.3156638729269817
0.31664891621302527
0.3166207316628327
0.3165979448074592
0.31666019174086407
0.3166769525481835
0.3167823419873491
0.3167953401724077
0.3166786151665156
0.3166528999440962
0.31654679576904937
0.31665976815395513
0.31674117906012644
0.31672412047930865
0.31660470935164364
0.31592949830786327
0.31582955741092045
0.3157916775816654
0.3157716076402695
0.315646296296482
0.3156329015332555
0.3154541445914319
0.3154912119236236
0.31545024588459053
0.31427952099794815
0.31535441594358254
0.3153357186106376
0.3151857008169938
0.3150772245886818
0.3149904224617206
0.31523821160353144
0.31490673994166873
0.3148881644501787
0.3148839471471523
0.3147981637618536
0.31475325512814106
0.31476653786994685
0.3147293770992615
0.31477129043861135
0.3146016376459855
0.31479176938279746
0.31469082108258045
0.3134526265240336
0.3131639232378841
0.31313341994865435
0.31318729621621816
0.3131522943936473
0.31338919741456467
0.31326316267023735
0.31428173381008745
0.31425445237264366
0.31417469091738914
0.3141505495918548
0.3140490970666364
0.3139409399915584
0.3139432540202191
0.3138962778069093
0.31394987741408065
0.3139365964152108
0.3140281498344593
0.3139861350718546
0.3139178433246337
0.3138956947179624
0.3139460329585104
0.3138636478317201
0.31391569278842785
0.31388084127520405
0.313879501518043
0.31380580244452405
0.31406329683185086
0.31393611405032773
0.31407382648335136
0.31408253469226716
0.3140635549811878
0.3140653812005379
0.3140133932710574
0.3139134770141736
0.3139061808720884
0.3138522549800127
0.3138754253738018
0.31394997218409415
0.3138457446547242
0.31390009812745345
0.31390794359910074
0.31387563745898905
0.3138737979389802
0.31385787873228704
0.3138612718307195
0.31371766995974615
0.313613500167412
0.3137421475660104
0.3136383708787676
0.3136855674766772
0.3137220716255004
0.31374530621321844
0.3137131647734192
0.31377012368912743
0.3138163656369928
0.31379050592411367
0.31380490393572336
0.313847484666746
0.31385105900528515
0.3138206750549541
0.31382470992871286
0.3137426668422456
0.3137146871261812
0.31377025744011494
0.3137703694089278
0.31364522551405993
0.3136548402469344
0.3135656715606062
0.31352699883247925
0.313462456865448
0.3134352948628225
0.31334184699018525
0.3133054138038986
0.3133264195390209
0.313364589308724
0.3132542626475121
0.31322626646577467
0.31318896710482375
0.3132379362711336
0.3132377808373513
0.3132799098088264
0.31331902251599136
0.31326586736883627
0.3132893495686217
0.3133218288775594
0.3134076700921057
0.31342912317832
0.31342719681797004
0.31343396585141764
0.3133656978620565
0.31329820910191475
0.31319013589874134
0.31319496871244035
0.3131655496210406
0.3131429589914491
0.31300999757223574
0.3129462185645392
0.3129560621130692
0.3130142225132029
0.31294972392627973
0.31292942798896284
0.3129238709281151
0.3129042143339391
0.31288974149270765
0.3129053553797961
0.3130053811687101
0.31288071541102136
0.3129208835105399
0.3129536033967895
0.31299337054999193
0.31300762644696595
0.3129436700352946
0.3129820569437159
0.31299584673615477
0.31305088678724274
0.3131294354221083
0.3130676473980842
0.31306578378837274
0.3130925571572901
0.3131317535101442
0.3131023596722943
0.3130859419226017
0.31310329002093046
0.3130843066870797
0.3130877406035891
0.3131170400793698
0.3131351037565035
0.3130941705657162
0.31304875757375056
0.3130522574474306
0.31301014261930843
0.31299668136010717
0.31306287044422204
0.3130826189172743
0.31310334713635124
0.31314481610658934
0.3131644476550087
0.3131445412767233
0.3131268319972928
0.3131270785420055
0.31306520599176507
0.31314100806696604
0.3131177615724757
0.3131214428229379
0.3131382970085459
0.3131257150402659
0.313196919692352
0.3131033241645842
0.31305461611697094
0.3130587379060574
0.3130356263303386
0.3129704446113337
0.3129841342795871
0.31307872280042115
0.31310333918814287
0.3130325121507247
0.31313684082247933
0.31310304879852024
0.3130820316785272
0.3130590012129322
0.3130827145465228
0.31305875114411585
0.31298317589752245
0.3129831089997773
0.31300180468404726
0.31299808081252517
0.3130282394934798
0.314299519380798
0.31431074042851603
0.314259454013795
0.314257312146694
0.31422137973391084
0.3129759926332853
0.3142759792179638
0.314278648634417
0.3143036428185729
0.3142665325621221
0.3142643124063332
0.31293115296452295
0.3129131526309139
0.31288526742354666
0.312930649400058
0.31291523269744514
0.3129182877782541
0.3128798027801579
0.3128443674361582
0.31289604640183866
0.3128639813935102
0.31287558925739506
0.3128198710745601
0.31286307857707923
0.3128481050786732
0.31287327994810027
0.31283363771104616
0.31273818962136185
0.314067530010613
0.31275347138960874
0.31405974084698657
0.31280192834051257
0.3128367203441427
0.31274694180554613
0.312702560703625
0.31273616312565666
0.3127741633968877
0.31274026335966615
0.3127071867881811
0.3126186276106009
0.3126641042866787
0.3126482902452355
0.31269907002184216
0.3126461142910106
0.3126518901431769
0.3126730506474143
0.31261886151256996
0.3125663862410609
0.3125604819611604
0.3125923018223526
0.3125234086051383
0.31243037255427314
0.3124583835664303
0.31247879897812986
0.3123611444163911
0.3136216591601107
0.31241764870910654
0.3124316563744709
0.3123871436557397
0.31364970058434
0.3136351442351077
0.3123848336107938
0.312295805677156
0.3122646557379353
0.3122610812312875
0.3122686761189545
0.31225167715619107
0.31230841157366257
0.31231948653194774
0.3135342530061264
0.31351686454225586
0.31348817587705036
0.31220911616337893
0.3121827375163115
0.31343451575501546
0.3121580089747673
0.3121350895928243
0.31212280204991916
0.3121323171498786
0.3121167747404243
0.3133971054291339
0.31210360832066875
0.3121052937108845
0.31206327103449927
0.31332434304416507
0.313324046881589
0.313383295068967
0.3133755741037174
0.3133991578267349
0.31337997067127377
0.31343203481021076
0.31344186717490424
0.31342279670910733
0.313396824593983
0.313366249816308
0.31336870900218516
0.31336765606878014
0.31333314919932315
0.3133657071071016
0.3133135524325596
0.31331044824022675
0.3132808650084201
0.31331078771784404
0.31326616500452154
0.3132840030470899
0.3132419003286467
0.3132030742365106
0.31323157273402397
0.3119173496353613
0.31186832487317423
0.311917222819833
0.3119163026445234
0.31314948852967556
0.3131648184033708
0.31314066842746185
0.31313909625791336
0.31311077625683303
0.3130821990941524
0.31307510487049833
0.3130727263991616
0.31304816734264507
0.31306046845152413
0.313052821463483
0.3130452890437959
0.31306601757992114
0.31310906113642983
0.31308695063657094
0.31309719148293175
0.31309021072072063
0.3130970450432944
0.3131273072079649
0.31310353334068775
0.31312220665307544
0.31317451084930104
0.31192180343447645
0.31192726617696814
0.31192034388242407
0.31194846229017575
0.31194495344383727
0.3119534183981781
0.3119404652011775
0.31191653152509735
0.3119042220697705
0.3119590870984874
0.31198052898904577
0.3108691398209084
0.31087321262937356
0.31083579159700486
0.3108027561164581
0.31191557293505245
0.31191285949543707
0.31312214991978204
0.31188470556912395
0.3131590404058939
0.3131800810170858
0.31318087650159065
0.3131524092515275
0.3131228199308742
0.3130909848019178
0.3130699913495412
0.3130456546795261
0.3130631000953698
0.3131029194281598
0.31305942702852674
0.3130206381723855
0.31179070969181183
0.31177616377885453
0.3130749343332559
0.3130374090466303
0.31305569691616986
0.31302562033436626
0.31304029269658096
0.31302763587473004
0.31300621158652053
0.31299581876076893
0.3130234837751954
0.31305362872743236
0.31304961167821393
0.3130293928910787
0.3129788810429817
0.31296757208080844
0.31295405942732724
0.3129601428633535
0.31297954151926755
0.3129414880542512
0.31294196971591937
0.31289716156097386
0.3128950163563251
0.3128988379043928
0.31286462585910424
0.31285532354354084
0.31287456209590947
0.3115610311142035
0.3115669622459385
0.3115418810917824
0.31153492214295
0.311525511537355
0.3115320185752603
0.3115063784174117
0.3115152043588883
0.3115757553046555
0.3115768143943244
0.31158395624083995
0.31157423567780834
0.31157194602265964
0.31155429822777686
0.31154466615674675
0.3115268165907602
0.31153514139055843
0.31147928688301096
0.3114613846009303
0.3114207211084772
0.31138806739449953
0.31138518129779397
0.3113934963878262
0.311441793937414
0.31142270365280317
0.31143292642922776
0.31142466110811334
0.31149833359310974
0.31144741928767744
0.3114672825990967
0.31148521333719964
0.31145874128659645
0.3114339231411263
0.3113868250251455
0.31138431584115195
0.3114414544657918
0.31144885432943054
0.31143982773937784
0.31144927447451015
0.3114511514189429
0.31142952728673234
0.31142076993678436
0.3114094146672582
0.31144168126222516
0.31266828590082935
0.3126833437853778
0.3127200786539183
0.3116020071531872
0.3116098824038101
0.3115994363332172
0.31035063028966065
0.31036670718550674
0.3116295180870771
0.3116056751275832
0.31163409086813165
0.3115983605290318
0.3116175551558175
0.31159090187175986
0.31158606680431983
0.3115649314323025
0.3126553379475652
0.312617882605469
0.31258359999358937
0.3125558770754562
0.31252114447303686
0.31251810815439757
0.312497036980551
0.31252470854383935
0.31252756363235135
0.31129290374664165
0.3112940421797264
0.3112962148056874
0.31133291795042556
0.3113294587980293
0.3113895556908557
0.3113821075869801
0.3114101543381877
0.3114296855384084
0.3114278461907651
0.31140359265129025
0.31141156584690227
0.31140120404322613
0.31143792048102414
0.3114036551432516
0.3113963746911441
0.31136105862621466
0.3113480053267244
0.3113716037028464
0.3113724867814536
0.311376704922061
0.31139309149377153
0.3113894196477788
0.311406931031397
0.3114181281852348
0.31031073750804455
0.31141849917293035
0.31030064463614637
0.31138449971283366
0.3113992127652275
0.3114016588168638
0.3102913659064078
0.31029420691419685
0.3113563749805968
0.3113237135996023
0.31023314534627294
0.3102453461784306
0.3103029448080234
0.3102870010094849
0.3102740057899686
0.3102905137617176
0.3102819386792005
0.3102775240576166
0.3102698870904005
0.3102510118470244
0.31023759735142453
0.31026381099763356
0.31026671573208503
0.3102583865994646
0.31026405225736003
0.31025035672215356
0.31026831517417375
0.3102762770098497
0.31133644547652356
0.3102383776812778
0.310216490970293
0.310240380269064
0.3102326899960763
0.3102624406696201
0.3102442556202657
0.31025823040646777
0.31023556578435707
0.31017716946444696
0.3102325454296279
0.3102005033337727
0.3101664229470737
0.310156503199393
0.3101784446681937
0.31017908146468076
0.3101594876174295
0.3101593495754726
0.3101391774065144
0.31015214708539424
0.31017469077638066
0.3101755120358318
0.3101638007007927
0.3101678923304897
0.3101591027192351
0.31017166180049266
0.3101659336813552
0.31016446609329973
0.3101425447526544
0.310132302251835
0.3101301181600931
0.31012177863762863
0.3101597267521861
0.3101706192540718
0.3101794763013928
0.3101600165983763
0.3101720566462423
0.3101827404786633
0.31017822506529924
0.31015857746365977
0.31013943648248316
0.31017170675831224
0.31016137873695
0.3101654933789714
0.31023827589321507
0.31023048767616584
0.31020672686039596
0.3102321022105477
0.3102315816479751
0.3102350300799805
0.31023464275141066
0.3102560733706675
0.31024636517002646
0.3102540559865063
0.31023986353225624
0.31023920485504325
0.3101950945838501
0.3102283386390522
0.3102253119476389
0.31022035354508815
0.3101829453431131
0.3101876946893549
0.3101847949413059
0.310179499647751
0.3101560954767244
0.31013527669122726
0.31015665962511824
0.31013569673210656
0.3101721966575692
0.3101627269511274
0.31013242061399193
0.31013765792111664
0.3101325700929847
0.3101363652980997
0.31011743873957764
0.31010830349409946
0.31010876007731747
0.31012732371087903
0.31012641331052526
0.3101109295865772
0.31011444852983855
0.310094161632937
0.3100900445310598
0.31008645300358073
0.3101114492096525
0.31012043129063904
0.31011043446012415
0.3101093888107003
0.31012719636398567
0.310142153974301
0.3101468989615932
0.3101107174292003
0.3101258523151018
0.3101112078114731
0.31013464672098945
0.310128739898225
0.3101045896453495
0.3101175451324835
0.3101056660787489
0.3101281896330183
0.3101165051282933
0.31009652638078516
0.3113664159974146
0.31133478540198967
0.31133326457410593
0.3113430440218294
0.3113470153195767
0.31133411325292343
0.3113268594066029
0.3113541506757125
0.3101151792956612
0.3113514953460472
0.3113848475250812
0.3114059545932135
0.3114015315001596
0.3113877148922445
0.3113967298410434
0.3114162400876866
0.3114474224750423
0.31145718902189373
0.31150289306183604
0.3114783459166251
0.3114495110986679
0.3114442751421471
0.3114351757916359
0.3114604900735526
0.31150028506638616
0.3115196900020522
0.31149976848944283
0.3115041437889305
0.3115247979050843
0.3115459488851507
0.31154775408674934
0.3115328769205464
0.311537487812569
0.3115003601567294
0.31151862414681003
0.31152070012480054
0.31148264313156604
0.31145757650251776
0.31143946695942754
0.31140359776925464
0.31140080960188127
0.3114262814165593
0.3114503109984188
0.3114179971475544
0.31146143464587583
0.3114668310710803
0.31142675021196864
0.31140587380503004
0.31141177656193597
0.31140796980919994
0.3114284391388216
0.3114552403441342
0.31145678363546403
0.311421387099324
0.31144948579783205
0.3114531773977341
0.3114249658612716
0.3114768622641336
0.3115047602014028
0.3115026678689449
0.31151715571056676
0.3115315073676963
0.3115253158213407
0.3115551107985558
0.31152832503641514
0.3115196626959852
0.3115100882388374
0.3115085400521939
0.31149191977384966
0.31148975648587035
0.31148348836752243
0.3114920280128279
0.3114971055027403
0.31152236352717816
0.31153515522120206
0.311565909158538
0.31159110833622716
0.3116259071533625
0.3115963709872157
0.3116020643137627
0.3116015029331791
0.3116081589442135
0.3116123494366736
0.3116023990494835
0.31157240226298233
0.3115720203782004
0.31155771415451
0.3115568763679353
0.3115403418772641
0.3115758697835629
0.3115711299983956
0.31168440951797255
0.31168276590946137
0.3115777070336438
0.3116415630417941
0.3116582785192202
0.3115816956153859
0.31168241843263567
0.3115623092610586
0.31166618096261206
0.3115550141672719
0.3116494294952113
0.31167548113904414
0.31165951086720795
0.31167320084878963
0.31168496055271366
0.3116896686606221
0.31168531760384277
0.3116932510924116
0.31167955255962215
0.3116658329464676
0.31166338726975085
0.31166896518238163
0.311694543722346
0.3116890908070181
0.3117166133059109
0.3117064830867281
0.311674713848288
0.3116715968614067
0.3116812764344394
0.3116959506351765
0.3117019801477644
0.3117146527915143
0.31168560435800563
0.31169169954291476
0.3116986720849311
0.3116901106461284
0.3116655934705999
0.3116489741265919
0.31165268510296695
0.3116482379498379
0.3116886779139328
0.31169550879052055
0.3116852012737008
0.3116867208626168
0.31169027879425787
0.31169200396330615
0.3116807937890086
0.31166095891290935
0.31166635750514177
0.31166899672378
0.3116537688287174
0.31164569727073893
0.31167732912278207
0.3116775245201094
0.3116639447478901
