206.38239887328882
200.58052028487919
190.99390718382605
195.43419008942504
182.7239050657909
176.66408217270484
180.12703758804486
180.99148085945387
171.64603383723434
172.5114537791545
168.9999375370287
163.28937422340678
168.716888839481
164.97781412717066
163.1168168243728
155.49179065868287
156.070373219185
152.94781652699638
148.2540999209336
148.61709733592093
145.95998783992027
146.3741494259263
146.1993916654548
145.59692727750763
139.99510703913734
145.3541240502621
145.1480537372868
147.97225115237896
142.41823407257002
144.97418092278733
140.14324589003635
137.61008029992882
137.91790470627342
138.85140515281282
142.41622133370066
135.51829273998104
136.62956375843956
138.0048035932056
132.95343660536525
132.44305683337828
137.44300673882807
134.24580504714953
132.6482597148909
137.23179376300584
133.1343753050108
125.42952670003166
133.17087166043112
128.9801518243267
128.63999376717118
131.51564269907146
121.89538767654787
123.98891187582743
122.37238511327087
123.22822903344245
122.57471293524804
122.38514519312604
126.87339026909032
130.6829357846806
126.76539786671881
122.67263397030993
123.15852680767621
121.08623783639628
120.98358328591443
118.0033247086799
120.95820638236624
121.47681095893928
120.99339153468615
120.77564013982645
123.90976148140454
116.28942576707169
121.67171680666024
119.25571360623692
117.29009968415012
116.97055580526397
117.92223996184175
115.7280094337946
114.81818686019909
117.3036152948627
115.05773093688393
113.88207100694568
113.84285499569599
112.52562996313326
110.05016782243867
114.76075590781554
114.43633599282165
114.85849277625205
110.76717868991356
110.30037135804758
108.47966322304876
111.73067780528602
110.83848040872238
116.65002711760123
111.43610083590282
113.19952612218034
110.68514131285643
111.44502648710274
112.14278738883243
114.92907004763526
111.03562887967406
108.8231035459112
109.54533823155144
113.01790468576743
109.33950478764667
108.59424976102127
111.41989146109938
115.95037701315388
109.30745764650631
113.10050656670123
108.89599492761724
109.99913598362349
109.55745913837941
108.94733389799077
109.821238854356
111.67602865594628
108.3227294625624
106.76063092903958
106.22794015621747
106.17538784971177
104.78501872232819
103.30137303578927
106.74418273836277
103.77170791460006
104.03141578998573
106.4145844231876
103.68238127360121
108.00364534855778
107.94280939958364
105.96326945262744
101.45451747358092
104.79028379749192
106.09652601489178
104.94840855776367
104.00298446826089
108.52219861679468
100.48898245872726
101.09845350579086
102.91268035954542
102.51884350549966
102.05126414314076
103.59826401710079
104.75418965268963
103.95872546842855
102.09746925951714
101.52564298075501
97.46209711506492
97.36482736099155
98.55694754063997
103.6013865906861
106.69197424777889
102.32688156922472
99.76729226758421
100.90728639218818
99.33154254959672
104.0138580415523
99.86348462239962
100.95704821339251
97.28848905078863
98.99020175180566
100.32642979721165
100.91827273499658
99.06142822280916
98.60752542669522
101.6695216329415
103.37305841254333
99.10922152546424
98.66126285448127
100.02258178945287
98.1827422652574
95.7881295700185
96.05829419003068
97.62115090358277
96.9933586910044
97.40783174357593
98.4012756664571
97.08455828566623
96.62831771515953
98.39180301993785
96.12285910846234
95.01778135888664
96.38063274842496
95.03628758660292
96.08726281212275
94.84214087424671
96.55539746371323
94.73446242332102
95.64125135911983
95.13625428963641
96.30229263706889
93.62887575209969
96.473844809595
95.48276284106373
94.9902424059472
95.30300709180749
92.9392721282138
94.18269017652493
92.37739808073184
92.55985259012661
91.14367638093499
92.97816321572867
93.2510093892112
92.48579874422175
90.15351472747038
89.64868090474567
92.67656891645056
91.4577828889242
89.44645928807012
91.53104260218157
91.92462809348986
91.29546727248537
90.90348976450595
92.32356961226125
92.04129714555366
90.0936462287872
91.26614504392973
89.16594527604668
89.36963288030091
91.11084484517319
91.24434018618642
91.97188452487376
89.6581818735174
87.81898838107895
87.52542363682352
87.03170164865932
90.24323298177637
88.62652682843338
87.5140598652238
87.56026661696588
88.6854405374216
88.57419914616351
88.87533579275994
88.61486473424577
88.5189436936363
87.90333840919011
88.03886008272579
87.72664364761117
87.83792808200585
87.99393335039835
88.0828939037476
87.6735924952608
89.97369511223488
86.0737221513427
85.5287294826407
84.94649152842658
86.0577504759796
85.42568644826731
87.83883883251835
85.30094671115006
85.27786302490689
82.72327827206571
85.6171189047508
86.29008429538963
84.4987049950299
83.546424589729
84.6111588469458
85.02054200843024
84.14970150950697
85.03908001629692
85.15938360320594
87.69010736943419
85.8601892937222
85.14792597059531
86.03941142976906
84.55726007285952
85.53103019988096
85.05668150294409
89.71500704217898
86.62028344369641
85.58717743310694
84.5785707078414
84.90221307246411
86.0968076149345
84.46184255489669
84.90878002112862
84.4257402869899
85.24415923867491
85.2419353359884
83.06520510904556
84.31415551460938
82.48844247736747
81.99967116893478
81.42450176315634
87.09561051259193
86.07225984048462
85.87546722264513
84.43515605898376
82.7676392900341
85.23630893440581
84.03202374566487
83.87291496183958
85.35987704701746
86.0723980711981
83.80333665951517
83.53715902561274
86.2850418506115
83.66233106447511
85.34287614077563
87.82350718169629
84.44261726373173
82.35073320468459
84.83347302395262
81.31279082515887
81.67777248503496
82.74734991872015
81.28629398336733
78.62739293062432
79.82535030228539
81.47609564556345
81.58516552939464
82.88656265000628
84.51498498150784
82.09243052659173
84.05708193346508
85.2237713978072
88.20207828099153
86.60522323624917
84.81263511727244
85.65590164088817
83.4995174243715
82.32345342946783
83.68229711684606
83.01364484974889
85.25618688792707
83.60557145336487
84.43371837131187
83.59048172357146
85.57470949835422
85.3191727600094
82.66712598777809
82.72415367802373
82.46362199301593
81.84337641541276
85.6470939069731
83.23871218770644
83.54932652842602
85.19647225420884
85.4761002839295
80.37287083520918
81.24356295114337
80.0334555056123
78.96197443873353
78.56369576780939
79.76405634507495
84.15143807198072
84.1115016027256
80.58398213613007
82.23829187964579
80.54685826636825
78.16072985373879
84.1680513798022
77.00588657343916
84.42524711953395
78.58429895519473
82.86142070501315
81.0430115576234
84.1071687380728
85.30021985413084
81.14344688453653
85.09322835583058
80.12828000669597
80.56288820186643
83.79449026428608
81.53635977629817
78.8254205531892
79.04680017839304
79.4602497719379
85.10909522757188
84.3328754829351
82.67643314389015
85.62944960604592
83.7752245229147
84.37390021536379
82.67489505637164
83.61847173303015
83.1544456663352
80.71454598836952
80.64194131164743
85.95877485251732
87.63410048513583
87.22951098443107
84.27514563848746
82.78549182787668
82.13373318652069
83.65898458823942
83.65208059950106
82.63239823758066
82.5283901261502
84.2421783405109
82.79482064221112
84.85965335364239
84.45104776681505
84.69624499596142
83.05177558188552
82.0513994767035
82.94270102200211
84.58590821847524
83.87525312812039
81.6311511851494
81.1369290984488
80.54328942035148
81.15878520108944
80.96284247158405
79.20931077449637
81.14177628691051
79.20217642514238
78.08488225037489
76.38045422769258
75.95520618734143
78.41971254486724
78.00833618968724
75.89765020115644
74.54282053619747
76.48973711467157
76.82792648374058
74.82081690188667
78.54582659252274
79.11747344418939
76.37048199900437
77.41235613970545
75.56044615699709
77.22080383728455
75.2879717049009
75.31265179585442
74.75612833736538
73.7420965735791
75.77636419520786
74.53230261975014
73.62974597040257
77.0550595129985
77.12478289272458
76.14939734038904
74.9925365906895
75.629862886342
75.11337684244903
78.26126116837965
73.37487268924286
73.66735765528793
74.2029400195158
74.05677908172228
74.14970357343155
76.36989703967832
72.87128134018164
72.89281587944767
72.15793093776809
76.58538904729573
76.99023417163657
76.12510008432663
75.23213451368261
75.73775153380559
75.53496275132484
75.25658367745523
74.85032202671624
74.79928442049797
75.9206908627161
77.10881883030824
71.77238338464149
74.92074134563772
71.38141719819076
74.37133601502823
75.81720674853142
73.67391002451959
74.22540218749918
72.64993751562095
73.29225219867544
75.68133495467079
76.35070093434506
75.24381458997942
74.42008343116095
74.65075997333153
71.16003812699991
72.19450844858483
74.77626796880587
72.12738807521814
76.6884701767276
72.27948230454048
75.12106207400961
73.79517394865016
73.83163381463865
74.18640551327057
75.89930359638943
71.85490416069608
71.87422025117688
74.2855740962005
71.90100642231607
72.25835398743989
74.1193949465264
73.31726371911965
71.53509831767863
72.62131595574436
71.16572654184147
70.23896711010406
70.03213730610327
70.49627999657848
74.01043960872782
70.76906682826234
70.70578004322543
72.09520271823789
75.214308489778
73.24842976245654
72.65872424277785
75.18653065808795
72.68476183088086
72.37602954856759
71.9968260952448
76.75032082202856
76.02058984288635
72.29039479640485
70.29367688204982
73.11452601004147
73.9864511064465
75.4850547378875
75.55776438263865
75.15032262687019
75.1752157755406
74.65133192607304
74.49459856804299
72.94696061896144
74.2045941596499
72.6656365179124
74.89094576655832
73.61613046003946
70.7535129420337
72.16759309921771
71.1798819002002
71.20823399354991
69.73049750288324
71.03493087708245
71.01933231476127
72.41744584571404
72.5924720630959
69.77590720713692
69.77262008786226
67.95182056843517
69.97723859284065
70.23433661826267
73.13028277675377
74.3625901406888
73.03257240610564
73.47393155879313
73.09813723282798
74.4834892294559
75.79217488553006
74.42620975107327
73.72913450431797
73.6324505486103
73.99110934986102
74.23773921558848
72.76963565922377
72.29197287576028
74.89498845984566
72.58642703832979
73.93531592687036
76.95393811218732
74.60723284099521
74.46569592198975
73.8674733860878
73.61945205930192
75.25148549659318
75.67107899994296
73.29494678198891
73.55857791516662
71.99975785028836
72.3311110907997
73.85238742166756
72.67933889068999
74.60016505500629
73.08897525728774
73.20016153542454
71.24845948415643
72.76209776605668
71.592665303057
72.06143986121624
72.04179161912568
72.12354799249044
72.14416421747796
71.81764816290377
71.6971279679708
71.82065981616553
72.2977905936684
73.02575138565768
72.03697980544902
71.89918700522502
72.66691351991646
72.05930521788598
71.51338003731483
71.28309216680594
72.61706714639928
71.24064108481461
71.77558227295881
69.85587333923147
70.97682481560769
71.20869630888292
69.80047807788125
71.49821008137447
73.51532388030252
77.39625324014405
75.93626960164833
77.03347825099766
75.53586174396696
70.70588631831703
72.71266424315294
71.54467934531648
71.51351114406394
71.25592036874579
70.86715241823656
71.47522303352689
70.58100260408695
69.91834744734875
72.88762155272283
70.50973685455342
70.4245824184674
70.7915934413881
72.02728331122405
71.46217306113934
71.92528730317426
71.12399156826181
70.5321394174369
70.0905564253044
70.28475961094156
70.37879779486283
73.30645915514192
70.1958325304606
71.42915987221224
69.58011382231615
72.12050073945635
71.99679187093379
71.73222530467572
71.30729701098257
71.07401877337796
71.07727421771379
71.37150980867607
70.79637046337784
72.68140567191456
72.53018671963177
69.20526688145902
72.76171397172936
71.74903897137948
68.98808408362659
69.96276798657121
68.826266502257
67.10586908691278
70.83684074978329
70.00846964453231
69.03843421411761
69.38189736436254
69.88114137705327
68.50806071471328
69.40320829082266
68.9458209027279
68.33218278684299
68.11179584791459
67.38503363311227
67.21836677113436
67.90280710922768
68.05179133963964
69.32704917749784
68.4345683545503
69.01198971481406
69.11610933818926
68.93566680809128
68.49967531159768
67.3734549916706
66.43878241691438
67.85303847862595
69.40067758992663
70.05913518013878
68.93662309445115
67.95296949004987
68.31093991161468
68.04279811485189
68.43189329301458
68.91248028962143
69.39474895939398
68.84293794535171
69.37861920211644
68.6327261993722
68.73577180194384
68.68578611583898
69.45524163166452
68.45676275097938
69.1082785025578
68.94724273102979
68.25054461601232
67.83548885566488
66.97286332737416
66.51308084037264
67.41099160971477
68.48938235042748
71.19555007372134
71.46987442708657
70.91156661066204
70.69930535663408
70.83829599323076
70.20455863349508
70.0047734633278
70.37455602902399
70.20965406707215
69.50344440429384
69.94480419695215
71.57796550289181
71.383984859074
71.6640665299365
69.84176940293086
67.93504192811595
66.73590902525488
67.368993456024
69.00424149819342
68.82582489571968
70.50282002863894
69.3878960887983
67.56133981039459
67.9616420477284
68.37590606955679
67.66362522535802
66.85515816956625
66.80912822148154
66.73560313118438
67.16514016952532
66.6632430496972
66.65523047823936
68.1684708917323
67.99480019690212
67.71139344044346
68.05223907615633
68.56398273520786
66.97210894655177
67.17985578014206
66.47103847852
65.35516438972711
66.34877943097933
66.2613900003027
66.57030719262676
68.04978140068414
68.82700157996972
66.57957677327688
65.20091720819724
66.3641218700461
67.62674657350945
66.39901870619254
68.44071503213299
65.77472557107913
71.05562307183177
67.49082671269227
67.24666683457701
66.28327357802524
66.29380358860985
67.21983905304718
66.71595567914873
65.75745785867791
65.0998301836589
65.43640727087816
66.13061409508795
65.60970427327787
65.11968545383652
65.54554969706719
65.32287970376458
65.44212159726457
66.06818969854952
66.07895713999972
65.68458880846192
65.8038450460446
66.01802544412811
65.67356199291937
65.37771658921788
66.08727960680059
65.60317817886654
65.7866000332803
65.32560120588289
65.21897919123029
65.08093213990762
65.0035069145622
64.86833610921435
64.73577032034474
64.9823336623073
65.15387757705531
65.23734153143053
64.96017011802057
65.3510431003014
65.57812649491709
65.8003599736793
65.43025868941704
64.75271447671956
64.72453300076629
64.7340543922328
64.51529721252103
64.33467599629061
65.15197728360393
65.49910015895125
64.56228446174028
66.13961820649016
65.49982602240208
65.9343492548245
65.00305552814659
66.24044131577537
64.8788004742989
65.18961332569593
66.08600182152047
66.04557571788142
64.85075145688374
64.49388248408096
65.32833009570498
66.41816362507879
65.59687775583292
66.69683219867994
67.13055253423288
65.65679450234585
66.02078725761797
65.86266555571122
65.71940208053647
64.86416108475645
65.35272780656746
65.6122927142668
65.11171269648588
65.32321985277234
65.68366221154034
64.82128017724479
64.93950559717315
64.85508111234518
64.76239241545244
64.90022374899566
64.32890765361859
67.72720540500774
64.00550435077479
64.82716391490183
65.49646744220057
64.2354878033935
65.16764669317374
63.952940986200176
66.15783857397261
65.90644355346933
66.1784161745738
65.55639614276532
65.58406323756411
64.85321603906563
64.71839211219306
64.63402354176182
64.95508395064758
64.27975184155659
65.47702025193972
68.13389324477684
67.98021298245796
67.30559909457976
68.39677814849833
66.95435720402266
65.29538666051825
65.86767279411919
65.91094053289882
67.82022609122436
65.39269072568449
63.80120588216998
62.85852522253943
65.13621343289252
63.05150716112786
65.3602935286497
63.92468193772511
64.84961599073873
65.17582636101868
64.24191090516852
64.46807224725228
64.6469642776797
63.675240740788794
63.93290611074166
64.57401054515644
63.9123545824096
64.22478425781276
64.67479312433076
63.73195561947436
63.58046021715631
63.181400074537784
62.66538035925423
63.334474675637125
65.77066589233085
64.0954750862204
64.91866891034827
63.88035114443003
64.37159891868434
64.94881351429991
64.56274062509085
63.91452591187706
63.80126795588041
65.20799826151453
64.791008061907
64.24663172146698
63.33428410441915
62.913339661459496
63.86637334434895
64.54658529765865
63.4648064577502
63.668754257112774
64.11135318200675
63.22495699150461
63.74743740613611
64.4651750033732
63.33590375990347
63.8148680840666
63.70671650229094
63.942758541187466
64.38982271693133
64.55743283855618
63.98356622299481
64.10587946928013
63.98715386228807
63.90666434898251
63.78437058443943
63.87852973342628
63.449584814109166
64.03052560237505
63.907215157456285
63.77927184681847
63.697826968110526
64.98480512881454
64.98764835724504
64.48090190059185
64.35150270013898
64.02776446271524
64.6233380341097
64.49231056741272
64.36871477678986
63.481719669618606
64.23110020558612
63.78590222472422
63.66844241730389
63.29336198868994
63.413221921710765
63.73916235426448
63.62597949627848
63.51433748019411
63.42374376403986
62.81944142743655
62.469398930724104
62.18119398933905
62.41369581636671
62.51556507071238
63.46008568831697
62.594296955268376
62.21711473270288
63.43693833730347
63.22420049344836
62.989677441087245
63.14845587617285
63.31103837583723
61.529243489705344
62.48913738003448
62.564066469612044
62.417269976094076
62.69596433683215
63.01791295853563
63.1241169153971
63.95305559436886
63.15365179840365
62.55489418814593
62.46677584339085
62.516874951570024
62.41875813268389
62.23303794194737
61.958900827146486
62.470137035031236
61.43925973979067
62.94742068859128
60.89773754911107
61.77581418353246
62.689237162503495
62.85254586684368
62.30745168444251
62.83929186502101
61.57768930861837
61.90918799977144
62.81570232975108
62.72500126832462
62.555713071981984
63.80567372368458
64.71054555548831
63.12706190525814
62.36758083811355
61.36927571844527
61.91321126650964
62.87343137666412
62.763002419218424
61.648875772621295
62.343517371920264
62.306573512024116
62.234075330508325
63.01850142369921
62.560643048679935
62.51261864309141
62.3030884715782
62.24956219927751
62.16307107572252
62.36626566856855
62.266744514244664
62.39313477273919
62.53420400681958
61.86500671234148
61.70654619931122
63.40407146435329
61.88976817541955
63.04796420533339
63.17598057820976
61.52035659975009
62.56017991988795
62.46249485280406
