164.18782340492226
140.13697019885473
130.89464648859928
129.09595436034283
119.6758299341317
125.48983100223329
120.19836307441257
119.19573152912191
112.36000062128957
109.93441760288728
106.89986570971799
103.85895015389663
107.93689885520139
102.11439722603046
102.91880213450752
99.59939340821559
92.09614841593033
96.86498768317375
91.46758678327652
86.5812481834121
90.93787055358928
89.75800794613744
89.5505456123966
89.87154769506729
85.5742043997682
83.79018478746353
85.31779749809179
86.33148369186385
85.80573587560448
83.23952500801768
84.1851374360786
86.46167612823848
85.29875955815204
84.1050167872518
86.33083895275897
81.90847136094068
80.14526587516471
81.21443980079125
79.54474950888093
71.85830525983901
75.44316289277472
73.85176917039915
72.80741333718166
73.52022947934506
73.63846387900512
71.57727831530545
75.98630839539062
73.35856971039784
72.22389774041743
65.78979476202538
72.75835783866718
69.5863907119892
68.0319922986246
65.24172763027678
65.127123788024
67.10835130190009
66.4551299030936
65.53855729673155
67.05760106198704
68.7721907067207
70.20140087880702
64.95416111706065
65.90760608112149
63.21846402813266
60.843070709596795
62.1978900745481
64.35940643355181
61.21533057292752
62.33933561863731
60.586525178212206
63.906322449465364
58.71182812605546
62.89062949060255
60.97352233334305
60.31022255344252
61.8392022702491
56.810042119931566
60.9872401461089
59.428083780513376
56.196837482826936
55.37539734259268
54.94458397503253
56.73364620496887
59.12146813527524
57.64595302597981
56.337047273853955
56.55429216593538
56.390900048316944
53.52117489529426
57.33737517504549
54.11337247189606
53.82168842193001
52.00413033668055
51.97495435104854
51.46398910219018
54.347794840938775
49.45884625387296
48.0734749981213
48.58215423034876
50.60070080714323
49.988482389782234
49.41923722604994
49.268377643333366
50.55096780392044
52.57194520157252
51.95133107847951
55.217130623505135
52.40450840727585
47.90890345028245
49.738735080180064
50.724692740126045
50.2939518767644
47.371320469987594
49.62125467250081
49.88180163426716
50.494618536722314
49.16360795889969
46.99842782952481
47.202164130248896
46.38024457757894
48.23265968044938
44.44098596127706
44.99210039113863
46.593231265533205
47.09802465639516
44.65297225204675
43.2539401752934
43.0339482554579
43.1486024929253
41.08309258876886
41.05372163337787
42.66829530500081
42.27668615410258
42.708118376708924
41.37184916610291
40.24717184386715
40.16621688288578
42.39754874462906
40.55431103694387
41.29099982677638
41.50761591584112
41.126262673095624
41.01492152981816
38.20891688532513
38.82441689803078
38.78113380683986
39.64416939478103
39.5575929123665
38.2371115826837
38.40400029458307
38.42249830757768
39.17148059808278
37.26900774360771
36.907950548184736
36.72175390166588
38.27426386925707
37.54677107626481
38.11203939663197
38.75391076202335
39.80382830500246
38.56847243912366
37.92753377671211
38.230291169080914
35.65892538981398
35.671111448558904
35.18716068643739
39.010070511334696
38.4361450172881
37.33536685881972
36.03263690556314
36.10128230471372
35.67853607739436
38.83297455121318
35.49564649161386
36.192482478003875
35.3747764452097
37.594765620194565
33.20632264603356
35.16343366231257
35.41410144352223
36.68409862367796
34.732556600695304
34.549282234863
34.846713627081115
34.323214491800854
33.00037584375855
32.32825104118391
34.14249123294567
35.12509341688825
34.578028572567625
35.537545789291535
35.527651436951736
32.39215363545069
32.9572518100884
33.079254409934556
32.84863849430639
35.222329048979404
34.82743144886461
34.43136582611801
34.813984954161114
35.99640773212191
34.933626684438615
35.55286390034009
32.43156634112112
31.889332717908726
31.965386687914986
33.90891583786218
33.03173976119477
33.95676459282696
35.320743323053016
33.17455606029132
32.77358774508895
31.914223637235438
34.5545804428299
34.66939357872028
37.51807215851089
35.990368540591604
34.84070832232713
33.15403169196223
32.258441716805436
32.60346770753404
33.37747562139033
33.054776292333855
31.467441301581676
31.974476936511625
31.50894770759195
31.023352350342414
31.921418559997075
32.808621731830186
30.15639654179933
33.811788629099254
35.65590374130887
32.320694409665386
30.049645540889223
30.488761114783724
29.87119665326942
29.355755997053826
30.99134183287802
32.60872010054258
31.439633326028055
30.28466213988492
31.94336212068073
32.06574509775808
32.36631890810364
31.19565558623903
32.49901653872535
32.39751414822304
31.862055895123962
31.6262777108904
31.85445076892827
31.808454974923183
32.66874087585447
32.872409209633474
35.26273936649625
37.29467185625126
32.61992617484741
32.27036352294288
32.01823840590619
31.69523620436173
31.381294518501015
30.80925754624841
29.710919658961135
29.550286593264538
32.211567018330385
29.186760461672854
32.78478757362912
33.442419619775976
30.498844265798486
32.937229086683836
29.817659333007747
28.86342339083205
33.300058751461684
30.988400513149653
30.35220970082666
31.042925216028344
30.69244409078309
30.41045015752205
30.220228985669998
29.49201096569819
29.617688251145445
29.70409391821358
29.456844816807926
29.97705473156299
29.549189278066343
29.243091036033725
28.820006224062446
28.800626262995955
30.337839765439725
31.921300098004586
32.357874378459755
30.132388019454012
30.087875388609692
31.450809860338254
27.768323735616686
31.31997036943889
31.58486291401591
29.77610473580096
29.915439705134318
29.14947626402309
29.225522054975066
27.218181845814474
27.661428867193074
27.687941249913187
27.320430561605683
27.74148631871547
28.704779686323267
28.878129423503903
27.85901454253265
27.651554439206304
27.536628579311735
27.90123064957921
27.514496641716832
27.323908896631597
27.15002316987249
29.409075321087183
27.22908064690356
26.727287224778475
26.547527608463447
25.696603686459575
26.015650017130287
26.911895348251612
24.770412440136496
25.770811794213976
25.448029762202278
26.53791873861106
27.026607841613465
26.837082896951017
26.65421591977632
27.235176813751313
26.52298637276901
26.57159727581112
25.961700633146798
26.451807740669484
26.240637513886682
26.077002385516376
24.528107552515454
24.38740317296965
24.248035424217385
24.11341831719239
23.98156273586819
23.85258065822288
23.726617653962762
23.603698289619693
24.750664495993533
24.619109642148764
25.251727622039326
25.00484554183417
25.312504210452268
25.836117416684203
25.653813238912353
25.501126336944644
24.45147517074631
24.049546787942894
24.17519638474813
23.27948843558465
23.270687615960174
24.635175235395785
23.23557596979412
24.254531908098116
24.2462878210555
24.251857752600305
23.51385277695617
25.392719888330916
25.721560774565848
25.228054166525435
24.7657658520116
23.851517745380665
23.61548772164297
24.38754976465721
25.087447932027555
24.698052511004402
26.57297901412662
25.96691719501215
26.685403986836516
24.167733436644873
23.300484559144678
23.432452644567295
22.81959037948307
25.669861670290704
26.10215119060533
23.622412216539196
23.360102049966272
23.47488740257025
23.181564141282283
22.970253102461342
22.86662730986289
23.183523660532344
22.05820231830152
21.39622022745444
21.271498698961963
22.315616095551416
24.12129480094729
22.96657231900378
22.84459587212003
22.66733298679773
22.752432390652476
22.879831815145334
22.768270236372203
22.651359285406237
23.394731358779556
22.421182811841327
22.312546794994557
21.731998571117288
21.990104377801394
22.631025121975032
23.42349426861903
23.29697784059505
22.99381799128915
22.317393469915718
23.0057164822217
23.513616366843898
23.38826517130402
22.94107441794604
22.00685238898913
21.903928593833065
21.88294155038853
22.817705462252164
22.535158262420342
21.185263245551713
22.86573307486243
21.923940835693518
21.819811956670105
22.686235718068865
23.13630199479466
22.291108211226756
23.317999849505934
22.815315438791007
22.236696914368736
23.076349181023932
23.695864883971865
23.571540535271335
21.859628064033117
23.337568158002618
22.41072256673863
22.37182087761706
21.90261261351969
21.734127792802216
21.96693637139205
22.418184892302833
21.86326476908622
20.714391973038275
22.15008240998511
22.04698437181644
21.766790452434737
21.66970791191946
21.576454071271275
21.484778431241082
21.87921972515731
22.576519785679753
23.228232931099953
22.692818863733542
21.501304814042168
21.616984380953923
21.530768460873666
21.446844130126347
19.914164287537638
21.1912370388872
20.803558867474983
19.8445492639042
20.712674458006234
21.61945973321805
21.341313996428852
20.569529573490264
20.49473300314339
20.844137694349246
20.76488562851946
20.688582991340752
21.123677973561865
20.538983428660558
21.173050287227177
21.704990300521494
21.618664817192172
22.280777912405473
22.18459992829411
22.021189255209837
20.71589093706355
19.885026139976883
20.13439270559194
20.509937091683152
20.543551176660227
20.46153303168344
21.03127702296469
22.056199669245558
21.963927402788574
21.765591912406453
21.667485525874664
21.318514785186377
20.41972032954036
21.14229758076867
20.132162189295155
19.87872228765969
19.151835027242406
21.79196312639023
20.576906684846165
21.373183742361203
22.321062247465818
20.725911971929737
20.65607195401899
19.754815473413792
19.29488237193704
20.89239372308682
20.5700926319273
21.57351242449654
20.947039604509655
21.284658166628972
21.435618659543678
21.44487402030373
21.357965357505368
20.229272782039452
20.505890532683615
21.188541102726408
21.119360550491905
19.48317713196332
20.063544164127393
18.856412078192907
20.55227386977531
21.28660588644213
20.08919394810475
21.320242318928337
21.235535543921113
20.067876709988955
20.944131517447374
21.618662850871146
20.982399403066463
20.90560693965113
20.83153188493464
20.757834780114646
21.194937873302877
21.434517392377852
21.161168337933955
21.08222638453958
21.004571988608678
20.928014237444298
21.02822076985731
20.95092410174802
20.705265350774386
21.07040459259086
21.10955532660602
20.71172189417294
20.63816301580116
20.5653378692635
20.492836729469204
20.42256074647191
21.133964081469195
20.869237059741582
20.292093249298535
20.718507431266822
20.476120039055996
20.612540896211847
20.588766722000468
20.512884992278025
20.15540132465602
20.283251340004313
19.460613705214076
20.902384514212322
19.343257211848783
20.26200875598814
21.93827390109897
21.457991189141914
20.754116276312395
20.678874160946663
20.60497017466682
21.1852792698952
21.32530135326361
21.02609577104743
21.5719067802902
21.47163912313545
20.774732703742767
19.9439948010035
20.387503072494404
20.655541886998275
20.24880166196064
21.18643002509774
21.086337414915302
21.00473680920742
20.704622359865823
20.66330846565436
20.58843573459022
19.922834973884274
21.030061285799672
21.64260380694649
21.595468155845833
21.50454944422566
21.70234905826782
21.063206164893053
20.705907149578177
20.63137857506011
19.74747269158773
20.079751616679566
19.797668581187136
19.95829906222853
19.564560274559728
20.968326732354665
20.579924684724283
20.705975232291465
20.437397088547804
20.34959249272964
20.185713699449472
21.104040482653783
21.0261854226297
19.226278066211606
20.178631363690734
20.141827808796727
20.07474948193448
21.57076619268374
21.579227182515822
23.18784464978431
21.717358844030603
23.59454403031074
22.918505522338695
22.83217978215236
23.49399630105148
23.0113988838775
22.918433689752153
20.9693121747781
20.898814915847144
20.828347121964306
19.73675878303761
19.31910100077724
19.65973747565836
19.60071518509458
19.10624700384953
19.22047234824849
18.84202964730322
19.41270560873003
20.93688450108866
19.107826305582332
18.918568210311992
21.19107650070209
19.029072277268252
18.978009710829546
18.92908219468789
18.45326567573393
19.21670630978283
19.540010873840238
19.302455607624225
19.246618039499015
18.785698417270282
18.73519017353151
18.986021980284118
19.18425242390369
18.88262813903982
19.037784494968566
21.02709059450263
20.867546686839894
18.87197900477013
19.20637276646663
19.150696878522727
19.096358007544474
19.034348398879512
18.80304376011135
18.777293646963997
18.872478444919658
19.013503831104412
18.95912870208024
18.906776943576496
18.503885251804608
18.30680144205971
18.484342198545004
18.17971867830439
18.17212884394026
18.304809755371096
18.085644525129087
18.21787887533052
18.174607565901496
18.13286439880411
17.995565968003632
17.93629984920246
17.895950680947735
17.808183673900512
18.3011810699977
18.262270732924737
17.62637252935362
18.909289246327287
18.664763865296504
18.74128134570305
18.843648155668653
19.04657314064612
19.492945467194453
19.431108162945804
18.239176288001413
18.43433734189297
18.060021455580834
18.016393793415137
18.81846294299005
18.525665683179366
17.90037962943878
17.857062309877858
17.815886793271577
17.77004273830882
17.685461565640047
17.6982430590877
18.246038235502798
18.202564974845874
18.981198883079824
19.770378710012164
19.7059874974171
19.6438527953382
18.80611810499955
19.09490859869722
19.468350920549774
18.758771939196553
19.474762254020643
18.706374882343905
20.22299016415434
18.940213727222115
18.5675112523318
18.163402669767372
20.230468546617345
19.491758420215202
20.210540645350328
19.522833674439006
18.983854702380132
17.869353449810884
17.829476082332388
17.871386486038265
18.80872274641264
17.763301146694232
17.094093813676118
17.25305625163476
17.216039611142754
16.86883655525443
17.05428218438036
17.707666104378163
18.09357345893143
18.251991313904163
18.27858464842704
18.518287657725207
19.46235481404671
18.42085319086484
19.173958477863817
19.115137676131635
19.058767410946075
19.883020060250455
18.3758789722473
18.779537262244986
18.73114713535323
18.682786236784263
18.634807142580904
18.58749187954345
18.540976746199558
18.09844562810838
18.449290454614285
18.402839421709462
18.89052190202165
18.83863684705956
18.78733570664998
18.01174312195949
17.968295707131293
20.63738419716229
21.07001976376322
21.15426044629427
21.087412775452872
21.29948505868883
21.40730850168605
20.479321695839413
20.42084296295261
20.361734303210504
20.035503718193826
19.980765642929303
22.703373815857667
22.623864698715305
21.770977386140586
21.700114309071317
21.209378788580217
20.37265251400064
19.883076676195866
18.675022381708594
17.303795948112878
17.266411934141093
17.94392827856427
17.90270616600082
17.94777311995668
17.820020839674623
18.143785392703823
18.182836555404144
17.26590392906534
17.22754192830488
19.16173339030424
19.102468982901645
19.04414032441772
18.98760498971695
18.625659120952342
18.634687082192652
17.162796509553857
17.126941610031604
17.601936160007103
17.561097897093777
17.523734892780926
16.982412628542892
18.111695765928992
17.551400600989435
18.634116517850586
17.470673633766108
17.430346979889595
17.391815230268776
17.675661557828974
18.744293463348367
18.777016628655304
18.2047596910982
18.157222860001063
18.92761889462846
18.249160573652752
19.122826882704132
18.37246281597593
19.113602673404056
19.05944688085347
19.005918766312163
18.953861105651715
18.902721283153152
18.851239135438995
18.79936894985227
18.75030259154876
18.69921711692361
18.65055854670229
18.602539562018812
18.555172166855797
18.50813195922995
18.461892538287852
18.41561344152815
18.109539012133315
18.20365716320372
18.02529824950281
18.119898850795565
18.50241041662293
19.14213679556909
17.986313822942904
17.943348156407335
18.563155903234314
18.242451770615755
18.198554750430127
17.510852518576417
18.11278780687099
17.93703380929152
18.02882555343589
18.398515861383324
18.354718670773178
17.907977524223835
17.868012449135758
18.225110513306397
17.760181406669453
18.139698132977788
17.255280727325047
18.06345691058225
17.89052091649635
17.982071898054606
18.13897454034043
18.327313716634677
18.282803401121424
18.237827408092375
17.94552488705678
17.904935421919102
17.865469461930598
18.252891568087254
17.786693273816955
18.16480870198155
18.120143306765602
18.078324479196507
18.036966621613317
17.995239486511807
17.5618441903204
17.526174015193156
17.489315487162497
17.45316044483943
17.417860852057697
17.383724284460307
17.348938659196392
17.314139374200906
17.280666105548843
17.11256803906774
17.544227896514503
18.17311768950901
17.676666705078336
18.447098216640725
16.96143554462288
16.93083650199086
17.544844525225177
16.50319493857605
16.47656450546942
17.346969496887723
17.803922173492154
17.76381856613468
17.723865469626787
17.208234005931274
17.65235052592891
17.672782657861266
17.372635522291112
17.959675199125563
17.623419868118557
17.585088226170342
17.33714473633718
17.302055050070297
17.478728946399137
17.667194007377223
17.627760417758637
17.589163609799797
16.942613952054135
18.630080913086914
18.579975771229957
18.530738996444093
18.483319059776644
17.59739517346219
17.03225320541866
17.940775460887114
17.89595650216145
16.93263746411648
16.89905479640102
16.866233738848607
17.76793176043494
17.724232589876916
17.68202435721471
17.63904634274803
17.573082133844988
17.533411205843333
17.493221125280666
17.454650657063198
17.416166044929263
17.378101907290564
18.37682351564405
17.605957697742493
17.54732248691435
17.533640712147072
17.931916216068515
17.891945278949887
17.856995322364725
17.817484658193123
18.61730679954919
18.152563219956203
18.110944445694813
18.069425307499184
18.028601271360287
17.98797447156236
17.94717476041819
17.90806177985821
18.60893840298664
18.56330527820521
18.518367846416737
18.474335515797044
18.4304268178529
17.97354001430761
18.47629184866539
18.431760057842247
18.389370175806643
18.548808249592128
18.503274046971566
18.11860260392897
17.5390010237834
17.853472343196295
17.815746827215673
17.77833893751757
17.74000392708606
17.392383408440427
17.358284999049825
17.324453327822727
18.11520451076296
18.96996795082776
18.031587817746335
17.990360905115043
18.336145304088593
18.291665342572283
18.247793435382807
18.85243181006468
17.862865084867714
17.87182955863936
18.506220412399127
18.42696951370948
18.762097700307418
18.34001444786461
18.053243779038663
18.01320829432149
17.974240934152867
17.935888317778026
17.905630446127894
17.589416776599442
18.40809250895929
18.389322352724445
18.32213605480907
18.305773948445086
18.08157753080036
18.041024545840237
18.438298586769147
17.32713270929857
17.29505499049647
17.389529391728196
18.169011376488033
17.804600387771075
16.97323013392264
18.067048453450525
17.44740745190134
17.413608063682208
17.946455663121988
17.73898383382183
17.702195051011657
17.418956616546815
17.384252263943257
18.49918875157327
18.455157915782138
18.027277887053064
17.488865174421676
17.77341129895108
