0.07660058031753306
0.1349459132037544
0.048540919727709374
0.05706976488742983
0.05835027422250418
0.05360109524674823
0.03758933490918753
0.026260273507350586
0.024147768582562602
0.019552269039754124
0.019972836509646204
0.019403778784089592
0.021390378764423616
0.01919560723971272
0.023255654878982682
0.023140477815272266
0.02317095937199137
0.023278073655110875
0.01973603358193877
0.02107246026013423
0.023716593254870022
0.023428895443881943
0.0225265254795874
0.02050424516496113
0.01940577388813118
0.021167601883909058
0.02203531446856313
0.02017606989388084
0.018025743722043915
0.018150909999097648
0.017817692768246247
0.01798853128395617
0.018313786037835008
0.018872909674897995
0.01730221354967751
0.01648844361081989
0.016847769929363463
0.017566113623740658
0.01674819891715192
0.01736497378826221
0.017340642648473962
0.016278472880968134
0.015442806439752061
0.01489159738325915
0.014009096170068859
0.014266447832785738
0.012441052823479256
0.012573371501447437
0.013841439154789163
0.014461697699488999
0.013587797415109156
0.015029090289418314
0.015891379833746562
0.01641395450099657
0.013665617851144602
0.014402595338073908
0.014153464680883176
0.013678762777577872
0.01339307721193063
0.013109816002138584
0.013256151118229744
0.013094141744980877
0.013300961529752357
0.013236926545882047
0.012920528404229501
0.012421214620428453
0.011288424477150512
0.01073225262580146
0.01140327238372379
0.011258057636435722
0.012292480221384034
0.012369780037813641
0.012119089012898217
0.011986205311779137
0.012537299924850392
0.012604165255311718
0.012170593703001305
0.011488854843313101
0.011701450563848867
0.011673528322466403
0.011257426642133793
0.011310939896873526
0.010835972633988186
0.010778099061316035
0.010731703108973678
0.010877284910765117
0.011046508026362261
0.010523360563152076
0.010896789289906762
0.010853119975329412
0.010465982029592116
0.010532989679809451
0.01062804000518796
0.010759515156746809
0.01060258305759043
0.010428101825856677
0.010725244699095807
0.010737196383683156
0.010776925167102762
0.010293774859482976
0.010170703430148424
0.010224719174140093
0.010387948725524615
0.010020041857732235
0.010193781351593554
0.01019030975210996
0.010127979012895907
0.010506742588431137
0.009768534431900115
0.009324953730747989
0.009183575038390575
0.009218526645721424
0.0092304483187349
0.008657934117902433
0.008660847237021513
0.00810234412018874
0.00805694627554031
0.00769897043781265
0.007923159194030964
0.0076956959535222896
0.0075979411820049705
0.007960165738961212
0.008119777888420221
0.007905049984762443
0.00797230046710548
0.007687177394697861
0.007736789741537804
0.007883483095827882
0.007855823143458241
0.008041669004759526
0.007981779668025496
0.00773706216298343
0.008143694727893488
0.008299893006890647
0.008372108540515994
0.008464492878191135
0.008404373036312437
0.008592391485838522
0.008314045937175352
0.008172311859774099
0.008381728391966053
0.00876055504476539
0.008766557521333969
0.008735940636728327
0.008971849225866826
0.008657086826424347
0.008637458198126072
0.008432741459104902
0.008628687557621759
0.008794963472434726
0.008801057296368564
0.008648115521847436
0.00837583366108501
0.00830700003613021
0.008174593099918775
0.008373282108294411
0.008365500795436562
0.008051607640988195
0.008055904362095629
0.007890842722976436
0.007901360632779951
0.008141507801944683
0.00791206441519014
0.007700805702536145
0.007881968231915216
0.0077975480769036905
0.007980894493354556
0.008026035802895123
0.007929698829580613
0.00805684182056228
0.008329926583184577
0.008309028986089765
0.008166386796028957
0.008230403649427745
0.008060253046863251
0.008289400430830346
0.00784974333156637
0.007712460060593771
0.007726918973919261
0.00751567296142954
0.0074256331294435115
0.007487250973001292
0.007303904651147623
0.007517850005901548
0.007811338446917886
0.007745110576409178
0.0075975157291424695
0.007700347135966382
0.007844677516035216
0.007714676267932125
0.007842688615326159
0.007977357315619106
0.007995210542975245
0.00794897929008254
0.007983568988392585
0.007913724583833614
0.007814100580730784
0.007965040416188854
0.0077662134812208836
0.007814518486558201
0.007759964225594828
0.0076165765923350845
0.00740006875082869
0.007351730954129381
0.007278948067409522
0.007168300149484125
0.007065785770784521
0.006972017588560792
0.006904121073447558
0.0068552139180902355
0.006803495494171242
0.0067212390705310215
0.006717923333127369
0.00684676765418409
0.0069109969958516555
0.006896972613682727
0.007004014649415119
0.0070106122058933695
0.006808067165943301
0.006885636987959339
0.006995409295777266
0.006910124684281806
0.006996613033360752
0.006910430764596356
0.006917500181909898
0.0068768832077507
0.0069125994797292764
0.007006309334485344
0.006595853123077066
0.006583855674489734
0.006480333920011586
0.006539598626916711
0.006572360255526736
0.006517506055811481
0.006521533493126034
0.006506908489937429
0.006517652374167949
0.006421050356929171
0.00659369259048826
0.006671545333402986
0.006545621670054423
0.006418284876907226
0.006360097184096038
0.006334084641892035
0.006177300228304784
0.006162115434442963
0.006220738281903632
0.006242944022119557
0.0061163419079454506
0.006264592003742582
0.006107605603574908
0.006169997262835026
0.006078478151116821
0.005927871248814887
0.005983850901450083
0.005992317055330416
0.0061026932119691325
0.006083888352532296
0.0060169825115991915
0.005853589401217118
0.005679619857755867
0.005732899999888298
0.005746044776663892
0.00576860061078401
0.005866099056189328
0.005804892248732357
0.005819449445922866
0.005978647394037002
0.0058171383083646085
0.0057908256366424595
0.005629206311591073
0.005549801160320824
0.005527888452527407
0.005560446043875785
0.005474539535645102
0.0053861410982263555
0.005358860948367381
0.005465533857134938
0.005438456630556301
0.005336682981960993
0.005370433136536549
0.005245694101144751
0.005265819220715935
0.005235899869458764
0.005283413391510743
0.005372985148001395
0.005446490877417391
0.005496102397640287
0.005453772402461874
0.0053932413678481625
0.005406216944753106
0.005468148200429185
0.005549435580731841
0.00551226542198912
0.005501768118086841
0.005391895107550199
0.005317239454801884
0.005426527091677525
0.0054103034406091195
0.0054634074088128716
0.005524313331539796
0.0055120563023307615
0.005499682015260562
0.005539247010188636
0.00541472321686294
0.00537865290968149
0.005428059089960654
0.005421666521156041
0.0054647783478498
0.0054599641567876014
0.005377627494297246
0.005370442490102735
0.005466305127687758
0.005321985879455771
0.005327573573579965
0.005380244772491369
0.0053545623812568145
0.005312057817849583
0.0053251579598826565
0.005258779455851315
0.005181484156610559
0.005256882947335919
0.005243649854997964
0.00530554271954719
0.005250634512008666
0.005268005320785987
0.005253854468409505
0.005285614543595412
0.005256269025458313
0.005277828080474386
0.0051893373560894535
0.005075320136160285
0.005040497196510287
0.0050017689460554356
0.004699656096031055
0.004701528089426608
0.004729816830259995
0.004683076951206129
0.004688910998940899
0.004753483108016531
0.0046114494925872515
0.004623984670437164
0.004518528334875003
0.004416352892447088
0.004265592149193223
0.004214001228588343
0.0041835901683391075
0.004241300141382921
0.004247218650829421
0.004185085046821922
0.004248896344923973
0.004232623799663892
0.004242677983533331
0.004150068142253375
0.00425488891019373
0.00416217897938314
0.004152490372995673
0.004128696430778895
0.004089748963045454
0.003947666160647954
0.0038714144663890217
0.003979258727731
0.003926885162439375
0.0038759253757632136
0.003887106423387949
0.0037806992174864453
0.003690858472530372
0.0037549148260819193
0.0036998324097315795
0.0036815853564739136
0.0036732726231105198
0.003699081077753708
0.0037458139385760647
0.0037888160796226843
0.0037050424735287713
0.0036699104804050016
0.003720942876615456
0.003697426773631585
0.0037123248800902944
0.0036267436561180154
0.0036833865350048953
0.003633739417931888
0.003581115185272882
0.003596724522816902
0.003420630402147376
0.003452841351980091
0.0033845784596408827
0.003202102440654947
0.0031900295338726115
0.0032196546085561293
0.0032406070966237506
0.0032762691967080995
0.003124597021891681
0.0031840781714779424
0.0031777974985693663
0.003228495046730135
0.003172659746796059
0.0031689549411961834
0.0032567407846173617
0.0032629055917385097
0.003185966047219834
0.0032134720187059615
0.003322738519638193
0.0033364324776795316
0.0033645518876328114
0.0032993460357943235
0.0032313373942029406
0.0031802756514396845
0.003253955781298206
0.0032805088910758053
0.0032513358921467386
0.003128885671595058
0.0030890587043842727
0.003032916597908484
0.003055975032728762
0.0030647121816677575
0.0030649657193433178
0.003103475692588487
0.003030552409253275
0.0029923158638241235
0.0030661334861439393
0.002954400796787414
0.0029342724625855184
0.002980862729929478
0.0030188440145971817
0.002981660149021267
0.002904387120138537
0.002946450287161153
0.0029176866726709225
0.0029353379767031213
0.002871484428960768
0.002822351732544866
0.0029059966220018004
0.0028309314779549574
0.0028291191030544796
0.0029058693857900923
0.0029690148056524843
0.0031722604770325277
0.003253708391367649
0.003249250452380588
0.0031611610215302346
0.0031147732991913357
0.0030368387942092947
0.0030424927334968873
0.003078907513177078
0.0031099675725623764
0.0031155104696155974
0.0030949014367959837
0.003124824872501721
0.0031271087380205075
0.00308665487733384
0.0030798627350507664
0.0030528377863961263
0.003050621323044077
0.0030339863620270184
0.0030281048569049058
0.002947230863198606
0.0029870040689628937
0.0029738764260082177
0.002978525441483284
0.003035303273241601
0.00301720691201085
0.0030391249072357573
0.0030092858507077486
0.003006983437171634
0.002972434836954949
0.003021742536071268
0.002944254557641493
0.002976851286514221
0.0030485685711515165
0.0030391806191084596
0.0031507761322995343
0.0031332754154129666
0.003101980628461664
0.003108298036958179
0.003173887567312441
0.003280794823807605
0.0032836337430085963
0.003269393006862802
0.0033119771776683473
0.0033067236159646917
0.00329633317725025
0.0032236309803909046
0.0032133112059455457
0.0032227539806204634
0.0032580814916627304
0.0033064965205221357
0.0033656162969213084
0.003429833330061371
0.00341921312093314
0.0033986931770270275
0.003371355776568114
0.003326464848803728
0.0034510292113935576
0.0034311571770035258
0.003428562954171689
0.0033882285057136945
0.0032970209627240918
0.0032804239490861766
0.003276941375391645
0.003303970230352683
0.0033867265357899975
0.0033728007877663834
0.00336298245508708
0.003436361656811649
0.0034112675056373397
0.003435811094394631
0.003436665369649441
0.003440765453435264
0.003417512158578573
0.0035086355531158617
0.003462469249831886
0.0034083550163681833
0.0034097105955259535
0.0032897717865177875
0.0031906875180503285
0.003175239834581651
0.0031559607420225985
0.0031579906894925623
0.0031710919580533138
0.003167017882438373
0.0030561795821133905
0.0030944134848181464
0.0031361643256130156
0.0031427320997166933
0.0031096082578804755
0.0030861661080522243
0.0031186970288550183
0.003159497382616965
0.0031922496500133768
0.0032385104648018064
0.003235503420198947
0.0032082419922533746
0.003205318765916477
0.0031914054046721183
0.003264063869943782
0.0032290057529712995
0.0032184786160876565
0.003235149542361902
0.0031725736027036423
0.003182184034941983
0.0031142733489150716
0.0031072229448540433
0.003142210751449532
0.003143480493495541
0.003148584915830162
0.003121019024755202
0.003114936652956763
0.003087537525203418
0.003038362398131697
0.0030577012663736943
0.003071073770329891
0.0030821320628316258
0.003080323789672071
0.003139048528829638
0.0031186754912442267
0.0031377777068746318
0.003127945792851566
0.0031566442736160973
0.003120766226457713
0.003026449782322442
0.003037357058257616
0.003050416524711829
0.003079569108550901
0.00308772558669895
0.0030307611689585493
0.0030334830516164485
0.0030325765520306655
0.003013099604051367
0.0030038389407654412
0.0030611135159995563
0.0030191416056912237
0.0029853399456766347
0.0029294920914163265
0.002900886419336086
0.0029082847028041726
0.0029252651602648767
0.0028814553363814754
0.0028600646692079693
0.0028698715751232905
0.002916908957749657
0.0029298994465539385
0.0029980088924080484
0.00300151735197386
0.0029757053577963133
0.0030963310641088223
0.003153292920224965
0.003133679949025051
0.0031152386053798697
0.003114400042497276
0.0031303894622130794
0.0032044479401986876
0.003164978347952964
0.003141874201624058
0.003169742142245595
0.003100532886282745
0.0030672618900176906
0.003046189336205682
0.00302764812203091
0.0030118580403567484
0.003077868552017945
0.0030467709190475575
0.003039902345808496
0.0030842363526708675
0.003116017426766382
0.0031577696802195963
0.003125864271376482
0.0031915838326608778
0.0032593958352561798
0.003286440639578737
0.003283467767944826
0.0032755960705138803
0.0032670004670094068
0.003272457069189497
0.0032354469954383623
0.003261961936873196
0.003278057168805359
0.0032641527017600873
0.003302232745982831
0.0032430629994311014
0.003234718793746963
0.0032790405998582585
0.003304356780286322
0.003260439346879113
0.0032502415646594473
0.0032187333290327885
0.0032115540699487353
0.0031836287581485344
0.0031881773875560315
0.0032173023611877867
0.00320374701495445
0.0032078123431816307
0.003209699822268324
0.003207267251431345
0.003278227663901639
0.003260317771078851
0.0032174918568729266
0.0032781164285138687
0.0032595178341866143
0.0032477455149162167
0.003256992579615559
0.0032590974682815584
0.003279298221663573
0.0032668310074904896
0.003232638728247379
0.0032035862577996397
0.003200051710308324
0.0031689102273729616
0.00317378724527509
0.0031575160735532997
0.0031058926675312207
0.003135372099532075
0.0031147053279195367
0.003113468348797394
0.0030827064911456707
0.0031211410450133733
0.0031307772080286945
0.0031083221329884204
0.0030728158398063217
0.003045316379292744
0.0030552541910993086
0.003036222939252229
0.003032235214486528
0.0030477093684202297
0.0030608041713630157
0.0030594660577900044
0.0030787100567318715
0.003051994212608409
0.0030557922254495226
0.00305510930354069
0.0030423520401983485
0.003021861484881756
0.003060592746621042
0.003083618384832127
0.0030777417026542006
0.0030761010300572574
0.0030359520204891483
0.0030229617153117627
0.003040381273062044
0.0030619791257334894
0.0028996593374902334
0.0028887459849333795
0.0029203423946057355
0.00290851464888406
0.0029376104729843255
0.002969834785947699
0.0030068906258524956
0.002996641231167375
0.0029858078551523973
0.002982999027211771
0.002924418753321762
0.0028966342649862625
0.0029229966564808005
0.0028922170309549525
0.002865089031719257
0.002859299420194958
0.0028888183680087173
0.0029265451349503816
0.0028940583589318774
0.002885461084948583
0.002876177415837131
0.0027752023830780546
0.0027822172295713698
0.0027409272850478735
0.0027525779245520733
0.002773298390117771
0.0027448976063032793
0.002770871682671125
0.002773392085903673
0.002715668220889611
0.0027154957555940995
0.0027124304398542824
0.00274376345563094
0.0028035778698086047
0.0028354542649341196
0.0028427796145814727
0.002862385035546771
0.002877244371143154
0.0029540751401659127
0.0029531129207583154
0.0029861392446373855
0.0029718052505795134
0.002984433452270423
0.002883513285685066
0.002795603110401569
0.0027715198751965403
0.002787642910141741
0.0028149375390677683
0.002805125986547069
0.0027580744016725083
0.0027518950513321086
0.0027581800443214357
0.002727542964357336
0.0027026197695521332
0.0026972616123447737
0.0026321578468837493
0.002622950616094998
0.0026072632382053095
0.0025462934851398183
0.0025490802562688313
0.0025495260679246064
0.0025978123674686303
0.002607569920295071
0.0025650979834204554
0.002575487820083611
0.0024846267832065935
0.002424387841278693
0.0024077675027834463
0.002472873413170703
0.002491298884722246
0.002481790006122174
0.002568464225380931
0.002558517212893745
0.00250732024633561
0.002532067094513665
0.0025560817293693527
0.0025412913937443355
0.002544053055391315
0.0025539826720570296
0.00250827560186523
0.0024893022634489034
0.002498357900199326
0.00248741258273335
0.002493556451929781
0.00246432611389932
0.002459552021286611
0.0024289466176606865
0.0024170049412526066
0.0024320137076875087
0.0024044542207317717
0.0023751955379463295
0.0024267820838880937
0.002424826079180144
0.0024202359417225196
0.0024445137006573647
0.002422298523094782
0.002434175703503749
0.0024167481701752058
0.0024014516289643495
0.0023706870138338475
0.0023671899680154755
0.002422004993904983
0.002409667467292036
0.002416384548075402
0.0024334372603068565
0.0024347835682157174
0.0024460718352520695
0.0024297588290859463
0.0024397038660094175
0.0023842786523914244
0.0023893114251482546
0.002412300386359859
0.0023716820921576127
0.002355511894713235
0.0023729603295985498
0.002373556963566829
0.002371901963325293
0.00231977574169033
0.0023211909029952254
0.002354891378372398
0.002342704514170108
0.0023312198599960243
0.0023481228239188743
0.0023502914019836083
0.0023626747289976166
0.0023614956333900083
0.002339879668332618
0.0023011072743496074
0.0022786276080142185
0.002286112734566503
0.0022909296324979964
0.0022780297560802657
0.0021120119236143252
0.0021152710684544393
0.0020930200525590783
0.0021081968415454073
0.00211598451073022
0.0021162071690164373
0.0021125394761136278
0.0021165376942198643
0.0020900192733538077
0.002108858491364503
0.002120494469387576
0.0021248143134360445
0.002142560594898172
0.002148677241403073
0.002102083804551238
0.0021162802042239285
0.002073548915523066
0.0020643079458431773
0.002051536324600567
0.002026859837325932
0.0020541539688078126
0.0020167639201673017
0.002018446588088727
0.0019888158615494695
0.0019689828402401355
0.001941976907156922
0.0019499173742792667
0.001982984197419356
0.001995564816817784
0.002014814548938474
0.0019963061960377735
0.001970009972560963
0.001963933799725026
0.0019689597245230047
0.001954930100500027
0.001936863998856537
0.0019486819632398942
0.0019134926110825397
0.0019342395116461618
0.0019538277818162684
0.001988657404220271
0.001998071451730329
0.001976988813677696
0.001996654822653764
0.001992109816551188
0.0019790935560731436
0.0019778092737816437
0.0020025076332751096
0.0019630426572223585
0.0019734985097111975
0.0020012847505652526
0.001961637413026634
0.001968816253257033
0.00197649315165512
0.0020030891849959066
0.00199084878229436
0.001990735021907103
0.0019155501604204673
0.0019903555898363864
0.0020040767904911014
0.0020206910900275347
0.002016868635381578
0.0020348473281052294
0.0020247836240056024
0.001994920806738346
0.0019519691932111706
0.0019720106642424026
0.0019730750792764234
0.0019808047768025655
0.002025484561161741
0.002013443900712243
0.0020173648164724185
0.0019731226383187406
0.001976142713248321
0.001962194977571876
0.0019337603448707523
0.0019380826268531016
0.0019124863512788202
0.001891957036836256
0.0018870670880555553
0.0018793741788105834
0.0018519046557605372
0.0018431798150133937
0.0018495726918025242
0.0018595623923005399
0.0018579672499638227
0.001879841162616127
0.0018937281581546707
0.0018971987079777917
0.001860185977884111
0.0018734717940743298
0.0018069461370121467
0.001810235531007836
0.0017875178927723042
0.0017972499569536193
0.0018046871473591274
0.001784063100606437
0.0018223273088033782
0.0018470640792477234
0.001832306837935545
0.0018839145937770408
0.001855404650097761
0.0018693698711709323
0.0018816139848800077
0.001864480295058688
0.0018546775268756535
0.0018372415773850932
0.0018320095098097759
0.0018293730729083862
0.0018182166088609713
0.0017679028033149656
0.0017557433326605065
0.0017700312644427136
0.0017758487505084761
0.0017707534713655995
0.0017552381661380182
0.0017583776385907597
0.001748638560656457
0.0017746833396991334
0.0017621067860549011
0.001779459632067983
0.0017868699402291022
0.0017975245893497999
0.001763051665496736
0.0017621865779581711
0.0017845034255827934
0.0017934750662884106
0.0017768827319041768
0.0017942368940546739
0.0018165478483193446
0.0018076853711690517
0.0018346976251975974
0.0018385938389753477
0.0018622877183086487
0.0018583122234980525
0.0018732564110792722
0.0018829817627107602
0.00186788002394964
0.0018348588058960723
0.0018030273363378723
0.0018006576950817064
0.0018439755398624586
0.0018250640693939608
0.0018543167066255933
0.0018289143799054195
0.0017974718735510194
0.0017889774188339065
0.0017889983117975817
0.0017860367728615742
0.0017823989326906271
0.0017612784219076306
0.0017518202073239834
0.0017242087572113623
0.0017294939994455156
0.0017301006264677963
0.001693985599930724
0.0017162565312302434
0.0017229965887967523
0.0017427712386301902
0.001738223872610169
0.0017619995290734515
0.00175490451962163
0.0017419959954448714
0.0017898152889052298
0.001824521561248277
0.0017892879146294994
0.001754399265358655
0.0017379904234425872
0.0017278241622781885
0.001674501051394185
0.0016728575406298447
0.0016788261347342437
0.0017126103619752421
0.001720796753996715
0.0017000315188593121
0.0016999581013021014
0.001707787321700591
0.0017365826148664461
0.0017284294481136036
0.0017625542760200113
0.0017682197426912368
0.0017665055424683316
0.0017604766301888887
0.0017734488602885008
0.0017888617778442928
0.001806276012231424
0.0017801123156467795
0.0017568436840128597
