3.517160852870102
3.5066383396394056
2.279143197097504
2.4683808364507462
2.4715970050020126
2.178613509902364
1.7698952984381802
1.9405959731032163
1.748286222542741
1.7227612592158348
1.7018474224540547
1.6391654184687752
1.4377260074168743
1.503730217897759
1.5267726508725055
1.5411737058929136
1.5567582447337456
1.561736557132013
1.5489735083207463
1.4517635838194776
1.4744273181030585
1.480471637996161
1.4900787149281773
1.4830243903332114
1.448443443035373
1.4541307330794582
1.4474303567515856
1.4559926767383375
1.4637014427675092
1.4697443250511115
1.4698511933760456
1.4733748380182867
1.4780257887094936
1.4547015315197434
1.4388567270976573
1.451860893174022
1.4396077256737405
1.4241616876547716
1.4348380476923324
1.4516865169809854
1.460568205561383
1.4606763171758674
1.4539584493238258
1.447380130401058
1.4511570408665595
1.446335956524871
1.4533154295999489
1.4571553799915786
1.455022554179164
1.4484959728983422
1.4406783427649126
1.4435620778538454
1.4444000290323606
1.4439675369604832
1.4464155895929065
1.4521393183360827
1.4553226760785984
1.4549604781969594
1.4525462361298696
1.4499147183473826
1.4441559272789999
1.4427998711593684
1.4326828378737482
1.4324378812768193
1.430601206109497
1.427129048679449
1.4238773158778528
1.4179218966801606
1.4240045052452446
1.4193484641741816
1.4415964228450142
1.4412895044618979
1.4404572616935283
1.4392700408904704
1.4352481195072249
1.4348571082336827
1.4114689042293067
1.4155537933982096
1.4165539197963533
1.4149044372653679
1.4156623087982494
1.4123142634042063
1.4153472352115914
1.4120457064918865
1.410064569110222
1.4125089375655941
1.4104182407572354
1.4170701198562448
1.4167730455118341
1.4170909245946677
1.418619645466358
1.417529361043536
1.4177716358824461
1.4179672217681076
1.417439550701297
1.416903587747434
1.4140534690602227
1.4131430331102255
1.4147379442442085
1.4115912663061925
1.4064487225999787
1.4076017615712901
1.4094717851969811
1.4099669059908229
1.4092003363814876
1.410680308741715
1.4055427896779613
1.410284884023357
1.429928833305137
1.4312384670984373
1.4306253665089397
1.4077405438685728
1.4076223556125314
1.4098699538503001
1.4098703953062026
1.4317802765334129
1.429983015164233
1.4085746843613096
1.4301292815655802
1.4266003035098134
1.4272466764564793
1.426995430259065
1.4053170893646392
1.4062964890830003
1.4055898600816417
1.4058009077390585
1.4063966011724134
1.4081674568908296
1.4067726550577018
1.406531433693906
1.4060986667477766
1.4050614013311427
1.4066256858409487
1.4080662975400249
1.4084171337991076
1.4070993898032538
1.4073908205744214
1.4067418118046968
1.4047723529465492
1.4050093533784538
1.4067213599321393
1.4076689915034957
1.4091383124468257
1.406001166303306
1.4053255230721862
1.4042412077195248
1.4043689057864568
1.4056481908576937
1.4056978541109884
1.4058174102600847
1.4064696185278713
1.4075266016516874
1.4063871794249516
1.4055436744842078
1.4036717784960988
1.4038120935270253
1.4059092689389792
1.4058832111343007
1.4054756208057677
1.40340194071363
1.4031539445648407
1.4040296943269792
1.4039852911699948
1.4046068208775866
1.4029329343404762
1.4003369723588088
1.400627703737855
1.4003298886877495
1.399572964179724
1.4001977938258918
1.400607705973267
1.3980252350427467
1.397285702453498
1.3999633643614977
1.3997192339336681
1.3991194946605858
1.400098608368896
1.3995456161234079
1.3993309488761663
1.3984752109724394
1.3984337494899697
1.3985016360437048
1.3985933383844424
1.3984945832234168
1.3994150420736609
1.4001563236860781
1.3996256465918293
1.3998019795627303
1.3992617239570058
1.3977506216455045
1.397923639665505
1.3977188899488124
1.3966387719741635
1.3966808578472119
1.3971492532556054
1.39685303248644
1.3968870746216435
1.39652395577944
1.3959827115428656
1.3961747883535203
1.3956304666751838
1.3952055819603502
1.3938478147995157
1.393818152708115
1.393913102844122
1.3941235354842236
1.3941384045721255
1.393986757791034
1.3938361563186306
1.3932298355872885
1.394467223368705
1.3942687823643636
1.3940117707838378
1.3910193008512568
1.391223937526222
1.391795432424718
1.3921106340227933
1.3922163675019172
1.3917471097658325
1.3912872401483345
1.3910033486261668
1.3914661712147782
1.3912141637763196
1.3915595914518422
1.3918133049266894
1.3913823901258866
1.390317898432875
1.3893517952950991
1.3898463906219445
1.390301652298374
1.3900513497563982
1.3904175867544644
1.3848724137637947
1.3846086439244658
1.3845734715339788
1.3839348676313876
1.384925160905186
1.383593324731883
1.3836156546721157
1.3831805893974525
1.382891910983621
1.3828346013850228
1.3833202867159737
1.3833373406008025
1.3831311647920947
1.3830764081410432
1.3832912645703814
1.382932700508656
1.3837117860840098
1.3830610465336057
1.3826782727771918
1.3823985325100725
1.3815762729035928
1.3816172413685686
1.3820764229415372
1.3826953041898322
1.3829211940276875
1.3831674874764468
1.382151949301617
1.3816977939986639
1.3817287799213407
1.382034041833566
1.3820871553518634
1.3817341394687814
1.381646407333453
1.3816862237484122
1.38197331946303
1.382249392498238
1.3822623531531795
1.3825013339431067
1.3823430275025295
1.3823200885516835
1.3825703027872758
1.3819395716286944
1.3817012572423157
1.381769070767826
1.3819109529645321
1.3822051224265848
1.3824438866416884
1.382987999220957
1.382830449054304
1.3826025955536134
1.382312215243081
1.3826865946390494
1.3828225676388568
1.3829298730780355
1.3829481711103175
1.3832819908382632
1.3833116681939872
1.3832878074626702
1.3835458155273488
1.3836061097621668
1.3840268451654125
1.3836189773638905
1.3844316479919383
1.3842254562224632
1.3812955725888643
1.3818880543057264
1.3811125313686834
1.3807753942470553
1.3809390715671603
1.3816232645232431
1.381993734654128
1.3821672058211782
1.381476293513949
1.3819014950028856
1.3818448314557148
1.3838524369074598
1.38206155589429
1.3820863005754391
1.3817005523680275
1.3818614111200982
1.3814288545164877
1.3816436121013682
1.3813367742298932
1.380949562178569
1.3807331585563032
1.3807067501000698
1.3808147922659457
1.380691372209532
1.380900812388139
1.3806260794940677
1.3806021314840093
1.380900424064238
1.3807213049062448
1.3806943860470287
1.3808167756488667
1.3807684060459562
1.3804210190311783
1.3802657408837031
1.380281991893809
1.3797889256410156
1.3796155321308263
1.3803731024555488
1.3801792843919556
1.378132031948481
1.3780574114233488
1.377772456993003
1.3780108324602556
1.3776913214798008
1.377547527202887
1.3775168777282796
1.377277542613183
1.376610351272858
1.3768796722846202
1.377053798011536
1.3766896239683817
1.3773180118998645
1.3773886046407142
1.3767555296906473
1.3768443114971665
1.378015519383099
1.377577807853066
1.3772919335958915
1.3765878145007984
1.3760482271135717
1.376071534215165
1.376009773616695
1.3760551339076383
1.3763428769704085
1.3763439503096517
1.3776637446641897
1.3780233385343523
1.3777671626410755
1.3779771687847968
1.3775153763809052
1.3775704105298916
1.3775990747057238
1.3776147039809394
1.3775847793963063
1.3771884181535605
1.3773318624616915
1.3772079048571584
1.3770436090523224
1.3772005511476366
1.3766987401505233
1.3766845919903459
1.3764889984036033
1.376275099269392
1.3763078857941358
1.376633256369163
1.376386205409134
1.3764149604761418
1.3764571243444697
1.3767442893472057
1.3767477412400275
1.3764972239441609
1.3763882000511982
1.376209443340507
1.3762469850461667
1.376091087254189
1.3761578091927138
1.3762846165866638
1.3759907972566128
1.3759709109674327
1.3760324375961197
1.3761677420140674
1.3764448092029375
1.37654381644622
1.3765092391894944
1.376429098326225
1.3765357097112771
1.3763722877870963
1.3763625607391676
1.3761565786073022
1.3760795133282493
1.375663435831153
1.3753717738523494
1.375277367230185
1.3750709702148434
1.3752948211117433
1.3750403547013776
1.375175259761506
1.3749157282805973
1.3750633471231177
1.3753619391962435
1.3756840257250895
1.3753438670635572
1.3752117029225281
1.375484874631684
1.3754476862742286
1.3752727853650817
1.3755353141446782
1.3758226043709059
1.3756132324122834
1.3754951655145633
1.37486444964183
1.3750726307968095
1.374832609080736
1.3749483778653633
1.374722182630031
1.3745673493749928
1.3744481418392396
1.37417650857603
1.3742047868921698
1.3744727126579936
1.3742705668869126
1.3742847695695488
1.3741625983302974
1.3743396944641808
1.3744368130092948
1.374766477020431
1.3745571792812947
1.3742869095381496
1.374219557136969
1.374316075159521
1.374491154482011
1.3742657927334223
1.3736633544133217
1.3735872099021538
1.3733037499964267
1.3733232633043022
1.3732495604642923
1.373256943566272
1.3730801701711934
1.3732625785810637
1.3724073528484848
1.372236835835605
1.3722255803657193
1.3720211405398037
1.3719578599270124
1.371991475138954
1.3721382149452097
1.3720243211713758
1.3718700901886496
1.3719029870507045
1.3716649892625101
1.3716605061417764
1.3716185910749341
1.3715004345439323
1.371176383013846
1.371724876257181
1.3710824666282269
1.3708175458132847
1.3707297290528122
1.3703321705286446
1.370545821602188
1.370300508251249
1.370328921070931
1.3704732679938427
1.3706676364583021
1.370942291362796
1.370644685361498
1.3703514878512904
1.3702815389657694
1.3701875108970119
1.3702270656869555
1.3703875276128636
1.3701831178786368
1.3699930201661072
1.3699822118243425
1.3703005400574735
1.370251170367963
1.3703093283913612
1.370263989765412
1.3700958566515458
1.369876147840799
1.3700105253446013
1.3700004352954283
1.369972444664222
1.3701586700238189
1.3696556590999307
1.369640926200333
1.3697119992652387
1.3696783815415896
1.3696699609892533
1.3695185402598562
1.3695868607108725
1.369440249884239
1.3695634352947932
1.369820227907256
1.3696801836437769
1.3693938948670885
1.369242289717162
1.3691760017038688
1.3692526787340753
1.3692991593039572
1.369154095761962
1.369103340508483
1.3691152095160923
1.3689559554364221
1.368933015759908
1.3689616199866101
1.3691007354113116
1.3690879615376015
1.3690706362051936
1.3691599299552766
1.3695339611293122
1.3694195000190577
1.3693060751422235
1.3692915599974487
1.369241746025819
1.3694586041116357
1.3696236353197424
1.3693901310357408
1.3693840285014878
1.369540698575195
1.3695344017227693
1.3694281168571147
1.3694317086695607
1.3694824553406917
1.3692346721262647
1.3690151468352374
1.3693013128409879
1.3690525550488326
1.3691030752898252
1.368963949210552
1.3688139043485599
1.3688755199777827
1.3688743219997042
1.3688187338655278
1.3688345465089686
1.3688345185844222
1.3688018433589444
1.3686706561348612
1.36843143196513
1.3684151180611097
1.3682683808830571
1.3682532213259915
1.3678750590928808
1.3678704673556408
1.3678905423621166
1.3680413795743924
1.3678624702291753
1.3677858159114211
1.3677517006412165
1.3676398258819848
1.3677641261100126
1.3676667550900363
1.36793728915452
1.367978479798282
1.3677421100655036
1.3678135937138947
1.3679490375517442
1.367939954023337
1.367873847674936
1.3680696950924573
1.367914577925535
1.367866276617002
1.3676442343285011
1.3675805276620845
1.3675352851720786
1.3675157971503165
1.367560380887565
1.3676559369111692
1.3680566688606863
1.3682091571966835
1.3678895073259505
1.367777394639837
1.3678806762994744
1.3681273987969362
1.3680694642479345
1.3680905105330625
1.368031459605584
1.3682263183023213
1.3682052776053022
1.3680176506824493
1.3679340379872604
1.367665494183585
1.3677086916332737
1.3677028523492616
1.3674522780389018
1.3670596896315423
1.3670474664981451
1.3672329060429635
1.3672920523098466
1.3672888539248436
1.367488745942493
1.3673935757110611
1.367434617668564
1.3674830343749795
1.3673039219950949
1.3672053476247887
1.3671106305670364
1.367088842058385
1.3670899833846328
1.366895237413002
1.3669283337184281
1.3670309094759079
1.3670599422896388
1.3671127094150481
1.367100075040456
1.3673412210360048
1.3672328909722575
1.3671155795868433
1.3671415415880919
1.3669348057869184
1.3669592120142307
1.366900470767631
1.3669972729797724
1.3667773224602793
1.3670486405303504
1.3669229441899433
1.367101406082158
1.3671344500692242
1.3674320894130716
1.3672231521907405
1.3672353319161676
1.367357763686401
1.3672188830813854
1.367361948494093
1.367339643208692
1.3672981703022105
1.3672071508597297
1.3671460446005608
1.3670191481853735
1.366966953705921
1.3670497135575292
1.3670920617456779
1.3671786204301193
1.3671573147898186
1.3672487408586365
1.3673132285966099
1.3673068355079545
1.367388354471878
1.3674510356959955
1.3674009291732854
1.367428973843735
1.3675944060466898
1.367586756522316
1.3676270736040514
1.3675763854347638
1.367629349058702
1.3674438211692088
1.367452799686196
1.3673979194658126
1.3671029768160263
1.3673191617454061
1.367318660163368
1.3673642920115638
1.3673015356526934
1.3674198141216314
1.3673583856679805
1.3670663919015436
1.3670374135129388
1.3669826120883368
1.3669768139503968
1.3668866060862583
1.3670850877696001
1.3669759148541956
1.366960189655636
1.3670592895547127
1.367135960514821
1.3671035161427483
1.3671969551736622
1.3671092777820208
1.3671053519342669
1.3670977772506732
1.3671026001050155
1.366993989791895
1.3669908964862219
1.3667086645640092
1.3667804811896413
1.366680512279125
1.3664339247653674
1.366433897024573
1.3664539167606669
1.3665476248688164
1.3664771077162663
1.3665056906106963
1.366367223193172
1.3664145142997899
1.3663086867032674
1.3662095898545736
1.366141494833274
1.365996022727028
1.36609619990094
1.3660837110433877
1.366135929117889
1.365874021869255
1.36582178859047
1.3658039778829631
1.3658260859520412
1.3657998376128737
1.365686270531759
1.365593641882615
1.3655522894152485
1.3657477918971457
1.3658452321351076
1.3661536932040714
1.3660482825789069
1.366048609494413
1.3660741395657008
1.3658798916685395
1.3658770436995555
1.3660018320948126
1.366006461695012
1.3660052075121616
1.3661494768483269
1.3660372429963217
1.365653363373686
1.3655579902179913
1.3657140695613508
1.3655125477547612
1.365455533908601
1.3653056244479422
1.365228893696491
1.365212716350039
1.3651685566223082
1.3649463955651244
1.3651548977637495
1.3650923557442718
1.365138773415571
1.365079245975817
1.3651281751851183
1.3649560009761406
1.3649445675213432
1.365040875884701
1.365431817845408
1.3654979103099394
1.3654934437536266
1.365584517816731
1.3655884086257597
1.3655487204788515
1.3655436148561908
1.3656668859524383
1.3654925790606265
1.365447292571378
1.3652542221649577
1.3652069965265583
1.3650225588121216
1.3649852963580167
1.3648877555804286
1.3650071613919532
1.3650638752111435
1.3652773454922138
1.3649838780573498
1.36510362815202
1.3648908136789142
1.364895642788918
1.3649869372660943
1.3650497203824388
1.3650992015638055
1.3649511521843583
1.3649072970179514
1.3648221293558895
1.3649873050676251
1.3648827808842052
1.3649570435075142
1.3649907811692858
1.3650368337987338
1.3650279310513387
1.3653641034683388
1.3654302458593268
1.365420042616476
1.3654706524994564
1.365408949368989
1.3652024921658799
1.365213558331475
1.3651089677831758
1.365054004404749
1.3649183352882135
1.364907053501251
1.3648784620214067
1.3657469667323308
1.3656866845150224
1.3656949260567117
1.3656766339915216
1.3657217312736292
1.3657306064806172
1.3648817911678366
1.3648714242495927
1.3647834104394785
1.3647147639203476
1.3647716519527406
1.3648636266632446
1.364735447062363
1.3654537429341322
1.3656503181443869
1.3656692803786104
1.3657149913495663
1.3657501214736891
1.3658566553871774
1.3658992067465268
1.3659081069736814
1.3659444003999401
1.3659559041418257
1.3659701864776548
1.3659306688586967
1.365225101761664
1.365223692055998
1.365080676396741
1.3650486778604947
1.3649265117157516
1.3648200774476815
1.3649181787574238
1.3647649270230051
1.3648374858372945
1.3647893123756156
1.3647612486133853
1.365287352450592
1.3652980089655178
1.3644456623857968
1.3643488696441715
1.3643857822770946
1.364508977919247
1.3644993062095023
1.3644632772312801
1.3647128033687712
1.364636047044363
1.3646615693863313
1.3646804745407723
1.3648164208739046
1.364688808985929
1.3648871789522001
1.365112239656561
1.365270218596688
1.3652679471068525
1.3654072181844346
1.365969597338067
1.3656890896828093
1.3657030919195159
1.3660429412325268
1.3661574760487767
1.3661963421362033
1.3656221572900655
1.3663419617826276
1.3661615429779712
1.3661562719149198
1.366135528724354
1.3660601461776907
1.3661078276842353
1.366140378431989
1.366158983258136
1.36610978751838
1.3661160250026183
1.3662675808553437
1.3662615262121767
1.3662239939920244
1.3662504235309592
1.3663214151967051
1.365727958754167
1.365732189458689
1.3657236919274267
1.3659049401990575
1.3654730627881766
1.3657018407122792
1.3656725737110902
1.3656910327724385
1.365640839680231
1.365736315278309
1.3656364540737265
1.3656542963349223
1.36562387789571
1.3655311240510535
1.3655592412790374
1.3654525275421576
1.365483464251232
1.3654955705712257
1.365548313127806
1.3653710894279476
1.3653739838583734
1.3653285153110246
1.3653039645364713
1.365258866303161
1.3652925853196662
1.3652577340286467
1.365179568615265
1.3651937855402108
1.3651942955346363
1.3651738629652237
1.3651666205899824
1.3651989875174453
1.365759918982966
1.365275499268452
1.365177283514666
1.364419781794755
1.3643195672087536
1.36411965976042
1.3642272552095487
1.36415331894307
1.3640560251195804
1.3641618094993722
1.3641899390595944
1.364198262153266
1.3641179266046743
1.36409146307657
1.364036892381496
1.3639741784771104
1.3639817269177346
1.363952800647475
1.3638728031240954
1.3637669541916713
1.363732864240038
1.3637138632854182
1.363787797924958
1.3636795366795178
1.3633974981014296
1.3634332253726362
1.3634101292770024
1.3641553826118966
1.3641321563204025
1.3646261458196707
1.3646097576635565
1.3646335510183534
1.3645107039960636
1.3646181449045933
1.364642602459921
1.3646516537158655
1.3646599772498957
1.3646152366168158
1.3645810558668001
1.36452362956342
1.3645173964930564
1.3645425348267242
1.3644762803208346
1.3644090260472825
1.3643457771080618
1.3643382594924425
1.3641838946391216
1.364207210412702
1.3640893745132947
1.3641011504290224
1.3640841009893563
1.3638441927423928
1.3638612898223714
1.3638804943482887
1.3638431684498047
1.3636285698667414
1.3636929891666196
1.3636499723362026
1.3635861221874037
1.3635766122332587
1.3635204697044014
1.36354444168454
1.362961779711918
1.3634639476278152
1.3635051689107038
1.3635272760190598
1.363551256237678
1.363482219838562
1.3635704713901526
1.3635949780170964
1.3636038805870088
1.3633114516041116
1.3632477591575987
1.3633411176463357
1.3633385836177674
1.3632532156098711
1.3632463053974253
1.363394744853334
1.3633642119979936
1.3633318155124148
1.3631892978014457
1.3632413652008684
1.3632172918264436
1.363144219443818
1.3631282804870728
1.3631758403382486
1.3632196661396747
1.3631681815530883
1.3632000924298318
1.363193108916023
1.363111310493693
1.3630551347328144
1.3631822192762473
1.3632737820177085
1.3632401732972383
1.3633170867957127
1.3633744498456042
