23.700978016914522
23.24738850926474
22.450365565477608
22.734334515450318
22.868095368009804
22.705007726754644
22.775008264832323
22.86039020412917
22.728471411656937
22.808013970305755
22.824916884376574
22.708328524118834
22.75113811154776
22.661194916144073
22.65493442113029
22.679036242114105
22.62251939899373
22.536682846123476
22.552798706928584
22.608014519522904
22.537030951207715
22.56147148886519
22.565388456428607
22.573307885159313
22.57307622942844
22.582462900952248
22.58728141432495
22.58414546774277
22.565634979332785
22.552375993706782
22.53819293600385
22.524400105932603
22.549329177991456
22.54807667869129
22.535936372123434
22.58263729047115
22.591329046727708
22.593800741933162
22.608593098124057
22.62123376668476
22.62525777323285
22.632660415239368
22.64741574447116
22.638024395940544
22.627967926132754
22.620298894532553
22.60356155454207
22.589791824318294
22.589014011757808
22.554062772422917
22.5356822205469
22.543568371347067
22.552931618054544
22.560127651108917
22.557976476969728
22.56731244813906
22.56255594774815
22.540995373916836
22.53677237940722
22.550630718780344
22.55855862790313
22.558458272225202
22.545603231810905
22.551932968017322
22.559537451760562
22.5267577172498
22.52524294380843
22.52934595809709
22.540476348367314
22.550690751228906
22.560190708585147
22.55154404518234
22.557991732414024
22.549766352833004
22.539758709812393
22.554580603037714
22.556284923949242
22.552971572944788
22.55317600237452
22.548658204754343
22.53924575877675
22.5392810123427
22.531909221749704
22.53591135119724
22.548041147310876
22.547498846246814
22.547440180068143
22.554790356154527
22.55819186430776
22.55470822461911
22.55479979715939
22.55094305553184
22.549707987710832
22.54398141465605
22.545549477407086
22.54509188013583
22.562616084207054
22.54261896011619
22.533446357515558
22.53315750070322
22.53664641942822
22.535615500074474
22.542086802158188
22.534041554491374
22.53855223242113
22.54641722676342
22.558280607737895
22.553733716173447
22.554297676611988
22.547100173026656
22.54891225127008
22.55564681834224
22.557348976548223
22.56200291470411
22.560023943072906
22.554256308309842
22.55004762120106
22.54560359919193
22.548975857357505
22.5486514005202
22.547110413375222
22.541325913379797
22.546530808630482
22.53627883104112
22.538204579527484
22.543261410799744
22.545119128751228
22.52951813886143
22.522280863684625
22.511973864641
22.50476718070367
22.500578379587132
22.507634722633632
22.504079073262
22.499049766802127
22.500951050140458
22.50044948553151
22.498166964819458
22.499052282489508
22.49512050861294
22.490475408497904
22.492095728040876
22.49198131735134
22.48568268335829
22.490645520362524
22.490546677362286
22.492327195072424
22.49002161703613
22.490479377109974
22.49038793501097
22.48734147188127
22.48440612734681
22.486018543165375
22.489542528850556
22.482999883920883
22.486638228989346
22.48559863672855
22.48729298751161
22.48857385414524
22.48939886775875
22.4888124530588
22.49017459216978
22.49320416312872
22.488848866978948
22.48887366944264
22.487036380733493
22.48601347498904
22.490288090869928
22.489078666209053
22.492374132871547
22.492941683506952
22.49760538701446
22.49810010961338
22.505905363042924
22.503960642641673
22.50434646740421
22.501887631243996
22.50489867167025
22.50520341846669
22.507087843220745
22.506781366026708
22.50800216206254
22.50569525825548
22.505066811473373
22.50045668434191
22.503875916685118
22.503165793027843
22.50348233620564
22.506658098524202
22.510267307785167
22.51151416308655
22.50846132901513
22.510701456205798
22.51050666230856
22.508451430780923
22.50943745551929
22.505678151052912
22.502642718900454
22.495167030920815
22.4941128552188
22.492906893747794
22.498442555064567
22.495274470132415
22.499976765560906
22.497435785878874
22.499675251982996
22.504103865819147
22.502396590697508
22.4986776159166
22.500775618801693
22.500889180540817
22.505774160737626
22.505870834493
22.508820170717193
22.509252489472818
22.50973516788745
22.509389762787794
22.504151314961273
22.501551017662777
22.500878926378306
22.504013728088683
22.503229095707656
22.50349180287775
22.50015557078692
22.498609477125456
22.50342611679718
22.50060934409951
22.49977771152482
22.500988957695863
22.502304165606986
22.507610470195065
22.509919978092537
22.510085101267613
22.509917091200197
22.51063289136469
22.511039418156006
22.510034739712967
22.50945552784176
22.51410037520607
22.510007548494542
22.510411026966352
22.50682220823765
22.50873613268547
22.509257468552715
22.509326398647186
22.506483292028932
22.507362519261452
22.50729221407853
22.5047595478551
22.50423828455166
22.501418975628543
22.501413272712274
22.501437763218345
22.501685385716605
22.504414289302787
22.50454492371498
22.504724945102343
22.508842235584744
22.511433792131175
22.510872045072745
22.51166197932515
22.509673891154787
22.509876220749877
22.510999152235964
22.51234751479103
22.512360214799088
22.511157156072517
22.51197935109136
22.512966594738053
22.514863593901186
22.513987451463603
22.512748587331775
22.512656558401694
22.51336378767698
22.51169464823018
22.513666248358113
22.514639569688764
22.51484744439184
22.5152461207261
22.514268982501324
22.514798489476206
22.512198617527012
22.51151409424498
22.50950909478766
22.505788163360187
22.506142026292732
22.50819197911339
22.507180134741024
22.506119661585217
22.50531262964535
22.502333677301092
22.49964095425413
22.501088686981333
22.50112562744271
22.502714770652215
22.502216363905294
22.50411659078071
22.506203630872267
22.50676725627256
22.51472246401892
22.50717430873677
22.51467033951319
22.50698486170893
22.50600783392013
22.507614236021453
22.5064055468223
22.504681903439085
22.50313024981864
22.506102409803905
22.507381501044293
22.508809875678168
22.50666830294355
22.506459692248914
22.50225512224154
22.500374385274316
22.49349144135397
22.491027282594153
22.487185732329586
22.486515257365937
22.486775424184895
22.487435270517977
22.487741399651156
22.486014563569775
22.502972488954708
22.500715133149043
22.491856077504256
22.493176051510343
22.493574862521687
22.492734167291665
22.490543740318554
22.48972514569407
22.496339061201788
22.48840680283758
22.488895543191656
22.487909220865077
22.4974323836739
22.499481619201788
22.498282936562944
22.496674394559864
22.487871476940928
22.495118213410727
22.480077798059327
22.487043816657458
22.49370592912508
22.49720587628721
22.48580374459606
22.499559499462308
22.487991333451884
22.48978409678296
22.488537094752168
22.489854029981274
22.491128529891796
22.48963960569072
22.491176316056862
22.485070916475024
22.484207758423285
22.48134064115573
22.48411593453619
22.484858587474132
22.486420440268454
22.488379929556096
22.486963262517882
22.487701907037092
22.48741317351363
22.485707944190725
22.483521295054565
22.483934693540753
22.485411207787767
22.487076101602796
22.48833403815923
22.48827320196439
22.487516933594918
22.49072639387888
22.493174202387262
22.494361807845504
22.49414323713808
22.494239057098806
22.49370552279139
22.489892747326838
22.490307899898635
22.49164183908746
22.49076016981997
22.492212090481985
22.493968258593473
22.494555573490754
22.49234315289866
22.49255661666711
22.491938420494304
22.491425587134113
22.491598509529407
22.489984164745636
22.490578066359948
22.490572199642745
22.49220318263587
22.492959975428363
22.494352040882777
22.49385103545233
22.493259586076324
22.491304523955666
22.490408427319128
22.488587929736788
22.48917720253532
22.488735682375165
22.487037187411413
22.48593821535747
22.48664616501038
22.486373774364985
22.48454193114393
22.48483443798113
22.48587295959392
22.484460302324287
22.48436592747939
22.485073417452284
22.4852971120078
22.48586026129598
22.48586786285135
22.486743417613138
22.485444429605568
22.484968495095703
22.483490786383623
22.481688864997803
22.482029743023585
22.482487626383794
22.48294793618286
22.483497649713456
22.483558358814125
22.48445726802506
22.48487434794355
22.48428538603582
22.48433993985322
22.48465109630496
22.486273742710768
22.486138153920418
22.485854553751285
22.484405717496852
22.485000939525325
22.48656147269499
22.487364547434048
22.488479628215586
22.48810402763222
22.486579495528634
22.485622558322746
22.484905220711084
22.483351589824046
22.48482799074104
22.482925370625374
22.482896273934397
22.484277609607137
22.483692535360397
22.482260244678795
22.481252220570674
22.48140900549297
22.479351700121512
22.482204040674468
22.483212179944893
22.48348390306325
22.48240931469544
22.48447643523883
22.48424181629734
22.483260766266017
22.48400141225437
22.483594704660767
22.482364944933483
22.481742000302688
22.480753879045036
22.480906237765954
22.481477379067698
22.48217075255861
22.481754589145023
22.48043007924718
22.48014317154494
22.48082737504831
22.480443327420645
22.480088651849318
22.480398254886783
22.481261165938573
22.48080137201068
22.48147703517549
22.48177604310577
22.481363831082195
22.483282388790787
22.483679377810287
22.481999477319665
22.482586882626684
22.481771237032923
22.48245689143015
22.48225199051206
22.4831706751196
22.483644812381062
22.48330787495233
22.48240525061938
22.48282435343843
22.48069075140717
22.481585746230362
22.480360641191567
22.48683127422195
22.48577003547886
22.486254664738233
22.484268718768156
22.47868977388468
22.485760585227133
22.48557967711102
22.486020115154805
22.484298414105766
22.484165328904687
22.48499798225542
22.485404880586902
22.48227466766806
22.48354188243966
22.483586832221498
22.48585871298248
22.484530642384502
22.48325581874106
22.48398774500759
22.482933451877404
22.483587587688692
22.482315244942317
22.481565854312723
22.481450541584742
22.483556732567973
22.484032776756887
22.484804574101688
22.48637687849664
22.487601470027183
22.487772537443416
22.480328984710628
22.479812617306003
22.487667942222338
22.487763276953608
22.480824365211554
22.479546274516395
22.479123382551546
22.48731849643063
22.47949297066739
22.477873239240168
22.477703280781622
22.487305218719115
22.486417574712505
22.485961425652697
22.48622149353477
22.486830679327024
22.48871968435064
22.48842837920013
22.484125881719454
22.483042395638375
22.484782638294025
22.492556388300322
22.493504058976747
22.492463263336376
22.492676493886936
22.484240207083353
22.48406207335959
22.48535343521485
22.48476772555561
22.484400974871857
22.48449498382027
22.485229197973172
22.484751104929092
22.491789973880636
22.48465235667645
22.484447282996936
22.48517535128581
22.485546386618243
22.48591504962759
22.48580215485773
22.484234499134075
22.484465970492618
22.48359887954751
22.48496895681675
22.482714927005453
22.483088606307575
22.483469319357784
22.48318238697115
22.483190858349072
22.484770716100574
22.49079787292843
22.4915573546495
22.49256693770215
22.492744355905092
22.493654164615183
22.494588006349947
22.4862058528495
22.486557538561055
22.485662215630956
22.48718309597934
22.486745542216408
22.486935549762674
22.486339324507657
22.485985078562827
22.485932656225636
22.487058352580043
22.486090662088383
22.48777949575213
22.488198723715122
22.49547009529772
22.4946353400099
22.485923527106657
22.486758048281686
22.48612315098167
22.485421219976548
22.485173987808498
22.484752905540123
22.483798039858
22.48356461438431
22.483345457578814
22.48432739910749
22.48425834025221
22.484271991231278
22.483884091740546
22.48222819513179
22.48144979878727
22.48121138512496
22.482068943212184
22.481214025511353
22.479899566110674
22.480059980759307
22.479742556321284
22.478100172297744
22.476956584292445
22.47741957872726
22.477713012002617
22.47712555858979
22.479619867321126
22.48037730691719
22.478828948016606
22.47795731584508
22.47880914750465
22.480223995963158
22.478866254284153
22.4782631642889
22.47861039692388
22.47863318437496
22.478157013722168
22.477195436707802
22.47731506765474
22.476057940381978
22.475437360609007
22.47845250089841
22.47606505867407
22.47748419060665
22.477706456473502
22.47793681075625
22.477900403156493
22.478161153092177
22.479509934623316
22.477202161362566
22.476045564366967
22.477677994567276
22.475791775339147
22.475693361637926
22.4778680022768
22.477145639303334
22.47775996612726
22.479517064234567
22.480034216774058
22.480099396378773
22.480961395368706
22.482799383870415
22.48305866490451
22.4828366369934
22.482843251315582
22.482567026740035
22.48617314687244
22.48446608801604
22.48388687307278
22.483287128714853
22.483185461122975
22.48350436126338
22.48243631848561
22.482918302250756
22.482685816651205
22.48299236232751
22.482289792415024
22.48283188285682
22.48306332054447
22.483232634341473
22.48366496819873
22.48448327333937
22.483800297479455
22.48544558840688
22.48564605597728
22.486115511334997
22.484969964882914
22.484816816666843
22.48532410877819
22.486019117017257
22.48707392005661
22.48620060585213
22.486261550274207
22.48582328563816
22.485580150642384
22.485536915791055
22.48550580603006
22.485964133910166
22.48609870990677
22.486189316724037
22.486647868911007
22.485993297723557
22.484304735696117
22.48534710007852
22.485146871833294
22.486992637333984
22.485758085961283
22.48634564297462
22.48583466945893
22.485487303263184
22.48559327477897
22.485265285927007
22.48683896937984
22.486771814555976
22.48646068685748
22.486961627959914
22.48635180038427
22.48745534421815
22.485742804433393
22.48576869392964
22.48529318609555
22.484972719193575
22.484823927079116
22.48398448619931
22.48282012773476
22.4827987430804
22.482981043234208
22.483722024090063
22.482570871939686
22.48317611452171
22.484563534381326
22.48363900824984
22.48173095114054
22.4826828279611
22.48345886771884
22.48329009951284
22.483933406880748
22.484471744895778
22.483121382272657
22.48334230671048
22.481901647181132
22.481814218908035
22.480949614223942
22.480141498817733
22.48018020197593
22.48009461387591
22.479989861168164
22.47987925197156
22.479248337545368
22.479214970854162
22.478706637611108
22.479157329834727
22.480183955783364
22.481157851180168
22.480663103151002
22.480840244740477
22.480590368874708
22.480987427531364
22.480489249458063
22.480831556972905
22.48050888470167
22.480849205099027
22.480550460365908
22.48104594844131
22.48164213010743
22.48178701203349
22.48212800280008
22.482057895932147
22.481807866466358
22.482407778536242
22.48257108029071
22.48288634966299
22.481547003901966
22.481386944222713
22.48175133584132
22.48172108353068
22.48246199428223
22.482968021081415
22.483168059426053
22.482497865906048
22.48257773593851
22.4827440940584
22.4839754924375
22.4844059158763
22.4850409620714
22.48341354908857
22.482587233763212
22.482685205531567
22.482697116994004
22.482992152671542
22.483897736292725
22.483294269015857
22.482020685528266
22.482390842700745
22.482420805776314
22.48295618427908
22.48309104713855
22.48299079187911
22.482877211439135
22.48252107660569
22.48353521498484
22.484325670983207
22.483595530832226
22.484457842104074
22.483612013677973
22.48332686097974
22.48349461396981
22.483889403928277
22.483814192003344
22.482752280973138
22.4835830055982
22.483541787622094
22.484127362906122
22.482837831129853
22.48310434725213
22.48283637064724
22.48285803403818
22.482866376254872
22.482428175552197
22.483397529615353
22.4838918545696
22.48517914492289
22.48568480047715
22.485425221168132
22.48550020269776
22.48554177017694
22.485867642035572
22.48626376865415
22.485782563326687
22.48507257469379
22.486074194908756
22.486279949561116
22.486860905514096
22.487447841680318
22.487516037556045
22.487618994169658
22.486235020720333
22.484853160611245
22.485200361939587
22.48536698821501
22.48478171160436
22.484565767033285
22.48459838180065
22.48460267269493
22.48470244271108
22.4832412862574
22.48351704411114
22.48338260168121
22.482571958984906
22.482925420773704
22.482946306144882
22.48409574516605
22.4843979406206
22.484773049098173
22.485570179146777
22.48569334176343
22.486456612196033
22.486558551714953
22.4874548336168
22.48809163232648
22.48812594137541
22.48803817414307
22.48796440347945
22.487086222078947
22.48662196906476
22.487653807432462
22.487638823826458
22.4880688902066
22.4870576102414
22.48589224058431
22.4861706586747
22.486429928878593
22.48527609838583
22.484503847326213
22.483248172178705
22.482224720305055
22.482749127968066
22.482278595233023
22.48205625797402
22.482645426708746
22.482470196493953
22.483183604637095
22.48399388683455
22.48428169771399
22.48476864634988
22.485831000766797
22.486075798610976
22.486359874289793
22.486865143053457
22.48696848587805
22.487920036444425
22.488462524061912
22.488505879011576
22.488638676754267
22.489436304765068
22.490196409876
22.490107173673053
22.49055965332783
22.490308875547676
22.490233317265083
22.491060892515602
22.491581759310147
22.49173658555263
22.49204051053191
22.490701514325853
22.48976348992974
22.48959520449844
22.490400763646896
22.48962124624148
22.489581226613257
22.48979722041464
22.49022743573269
22.490468146130965
22.49121863136276
22.49119518352997
22.491761515003038
22.49095863837957
22.49140594136748
22.49028661578071
22.49042514755566
22.490914009644623
22.491098141405363
22.49153947862871
22.491253720982893
22.491933211057713
22.493099783605743
22.492561444742996
22.49201476764996
22.49247199661501
22.492633995775627
22.49267951159018
22.492459668694355
22.492601147926138
22.492804442867754
22.4928823397663
22.493182801938563
22.493787481385258
22.494165875303636
22.4944869472566
22.49425234488861
22.494902315411114
22.494610714629076
22.49510153371403
22.49569556344652
22.495677282695233
22.495738056721873
22.495912316633767
22.496244505033452
22.495556001892115
22.496187780249812
22.495789652019944
22.49646969643007
22.497467519359805
22.49814750990467
22.49842676875786
22.498282725523342
22.498758159126044
22.499027474727683
22.499066651516294
22.499231773790402
22.49931634058495
22.499352493842352
22.500138207956425
22.49959397740491
22.499612538519266
22.500347666335564
22.499803018808546
22.499368298577902
22.498596247211946
22.49916591689435
22.498848768387322
22.498245604641827
22.498145282068155
22.49841234308808
22.49776957394887
22.49732270464078
22.497457771699423
22.49778604346902
22.498039967703317
22.498062894519865
22.4995705374723
22.4994251426216
22.498957937201194
22.498834488518852
22.499429202609853
22.499723629564073
22.499689985286565
22.499903301166093
22.49965962038707
22.499568363633134
22.50020526575736
22.500875127405052
22.50123119334253
22.501545583591447
22.501723233714102
22.50235254679151
22.50168567756378
22.50160949569605
22.50029364421
22.499561800064377
22.503370074777987
22.503041277752143
22.498263824392144
22.49862568428925
