104.35204163696159
99.07281152535455
96.2744631442009
93.87462556946583
89.00425619014158
87.82514992660934
85.9716437829286
86.64346193311508
86.75871605209146
85.68908517787456
85.69247652435895
85.00941485966639
84.98976186269645
83.02709433589507
85.22363254796028
83.65700158131565
83.10784061405123
82.03328825257776
80.99160736168193
81.33397565110818
80.61061890202119
79.97754428323518
79.37701597750231
79.0649683298402
79.91123081349357
78.87247791926684
78.42072856281933
77.92909193170955
77.33818972534286
77.04316181537311
77.22965792023898
77.16059685200884
76.9349185522197
77.0818837921691
77.18663425232283
77.36826862365866
77.13261772553211
76.7955808095978
76.36606270155914
76.24521520319162
75.73199216547803
76.81120252401999
76.67443817696197
76.77355376158549
76.48168791307525
76.13626304300539
76.73467148417338
77.2449022294169
76.04413682791561
76.95669330154116
76.11543502693104
75.48203337297694
76.6763855329955
76.85076707524598
75.64801153482445
76.06610643404255
75.93454214621256
75.87271744170428
75.26829468817196
75.15873517996161
75.00942039605752
74.87053720871157
74.74475875562378
74.59731519826605
74.48792105876285
75.09565726572184
74.90022747584851
74.83608640089005
74.76244295251402
75.1981145296473
74.50817651675536
74.41341262354705
74.34797096178094
74.24551460727585
74.17042863476561
75.19355099842525
74.6227023515207
77.11598624708037
76.09789024367225
74.99679702504946
75.84204415401335
75.80807252523356
74.7187609766958
74.58764069969179
74.5347906046291
74.4896606027455
74.3989251691753
74.26122858441161
74.17079686164692
74.13757691046173
74.07706542197705
74.00616680836028
73.93332451929311
73.83146632369835
73.77022676509179
73.71380684955064
73.6562331424726
73.60504989744419
74.43340265259722
74.08721155135984
74.03523968886554
73.98641255490658
73.94076698992886
73.91081915827576
74.08417621703379
74.02103631437936
73.94949544354841
73.89821997929994
73.84956424427237
74.09979762012259
74.04654544071238
73.84734344362978
73.69265242405967
73.64609288235702
73.59067101893864
73.54776858875157
73.65387026396505
73.60710685987779
73.562745143204
73.51967574637848
73.47595450642784
73.43024842024633
73.60402421421647
74.28827056581825
74.51365347297184
74.42525185209998
74.36788187941204
74.36187275889775
74.2902711214985
74.48990030592216
74.44578883875096
74.5887170967602
74.62139275088204
74.51709831871506
74.45502641181716
74.05069118332727
73.99958247126122
73.9387527524981
74.24899449464415
73.84833103891835
73.79965688405915
73.75433013069443
73.71257913099645
73.65385237444265
73.611967336396
73.86342554509517
73.82550391734604
73.52461647824634
73.50036499805324
73.47208129555409
73.71164009057281
73.4338495322877
73.44050693272348
73.41950580463913
73.38108873470763
73.366617955219
73.31920554183317
73.29003466121397
73.26493732528643
73.56131484064595
73.53215715701428
73.49083145654143
73.56239482082024
74.0295065655378
73.49153668913078
73.46422036997609
73.4332028634382
73.41025874571906
73.39046365803995
73.38877114729418
73.85277191615555
73.32644739409791
73.29513193595707
73.28401911923665
73.86016327038286
73.85142142893744
73.73068796887434
73.7170656999773
73.63497949842694
73.59125292942251
73.60291802759461
73.57220315570558
73.52813680984532
73.32036702389718
73.3060655044013
73.27548118141236
73.6547061230366
73.63582058821717
73.61308566245543
73.593896293823
73.1930027646303
73.16840726952256
72.85591754613579
73.15504179790564
73.13709306017547
73.10613143040328
73.07296085335457
73.04706975529992
73.02446605805369
72.98210899272023
72.98959393150504
73.34041723057133
73.32972224344827
73.30525827026581
73.27239915890793
73.2731338376289
73.24523630065973
73.22457876533429
73.19781051755683
73.15842527368928
73.14106569194423
72.78243077771742
72.75120657574013
72.73095578766196
72.71189524868744
73.15915238192771
73.1429839285158
73.0346402106427
73.02651603793646
73.01356684295286
73.00359088687668
72.99415073696075
72.97663905661388
72.96769567842901
72.9450214884814
72.93486238894668
72.90725636920928
72.8861164759617
72.59156833288401
72.58096078563962
72.97986843125885
73.03733695671755
73.02215526588294
73.00301916895785
72.88670887651782
73.25750566359868
73.22803153277937
73.19575557720837
73.18586270603497
72.78844844301267
72.77115567470092
72.73652756097636
72.72705138932795
72.71253687115255
72.99448160602255
73.0754329902864
72.85943741655245
72.84650334858739
73.32061990414056
73.00192075800986
72.99524568908919
72.9783214232002
72.5489217840444
72.73041001153443
72.72502100149781
72.36207319109496
72.70263149636405
72.3466102849747
72.3482820880415
72.33816714294339
72.37800426220008
72.68072889127922
72.30580270337434
72.64231501757469
72.62474825275656
72.59423953235252
72.5739038651405
72.55999585549918
72.54858051994518
72.52569107401251
72.51391494565338
72.48994365672942
72.47807854527917
72.46882356071322
72.45482855166401
72.43560272062396
72.42225248836327
72.43975982050559
72.39956746966142
72.40639460065417
72.39969779787816
72.40133306587589
72.39955479250833
72.37741241950665
72.3676120284398
72.36085401859565
72.34853241065487
72.3375441495904
72.32193690826807
72.31484600408284
72.29181770203415
72.29931784735196
72.28972961602612
72.28676334371882
72.07319180038118
72.05968133502112
72.05490770963117
72.37492388387298
72.367757213637
72.35877310123448
72.6378404871816
72.33660444178406
72.32803871481924
72.32817525014373
72.3251878485693
72.31792664553815
72.29884382781584
72.28423711975859
72.3091090283929
72.30055464270778
72.22941578229837
72.21853595467347
72.20601474633537
72.19514488217897
72.19215848474327
72.18473244866604
72.18176805516644
72.16729736570765
72.15464540873182
72.14599701890957
72.50562466869783
72.46172305794532
72.44524620558064
72.45637364669435
72.44046780393847
72.4198051513796
72.37630910186854
72.36342894170457
72.3500456735259
72.3407962022042
72.3718066007835
72.36023441921989
72.38247326278203
72.37817067320414
72.37058171943363
72.33049534715869
72.32482694468702
72.3151709965182
72.25509179146323
72.27694905287312
72.2318259481309
72.278138579726
72.24896188902079
71.7788359143128
71.79215722269613
71.7486604298901
71.74395208911695
71.72863148462515
71.71191706730689
71.70170952189794
71.69688704953009
71.69598574553858
71.68012792008945
71.66933956208457
71.69767484167565
71.69039945881634
71.67963301735745
71.67337295627514
71.66683079165762
71.66465208175737
71.65192687702404
71.63929580946404
71.6363926482814
71.6283319887771
71.62720650374759
71.62516279814984
71.61527384888562
71.61227349466816
71.60731702447255
72.16207293564703
71.59213675414092
71.58692350806881
71.57519427363854
71.56180503037542
71.55630574615004
71.54713078056322
71.54210054919625
71.53287994226498
72.03128971726419
72.02565530907565
72.0170396231311
72.01144712079034
71.99729935122515
71.98888240586908
71.97782567675537
71.97130651138282
71.96280319523363
71.95265366940367
72.05486132961325
71.93852287120862
72.03658575292911
71.91585934223116
71.90903926567857
71.8981291386648
71.85550884645308
71.849528753213
71.83749867368792
71.8588228619061
71.99340198535836
71.98361445230087
71.96832276501826
71.95736372929666
71.94866199651585
71.94112183828075
71.93138282275106
71.91613674111534
71.81485110576686
71.79977293953574
71.90402345743873
71.90108756322375
71.8860931878027
71.88064826668305
71.8696530345626
71.8595191539586
71.85584122775695
71.85040994496347
71.83578374766383
71.83172055903395
71.82652355490141
71.82124611037932
71.8088420198254
71.80467088785565
71.79554855655421
71.78907946410214
71.77998033935599
71.77247522348931
72.6092701181264
71.7614670268069
72.58825129629093
71.74353873289704
71.735046777698
72.55170973632957
71.71909410082307
71.71030279179917
72.52865215561596
72.5153222881769
71.68979435678536
71.68087465943077
71.6806063568622
71.69196267258843
71.68233791310064
71.67736466255352
71.66572307406143
71.66057311149119
71.66158154030684
71.65058905919898
72.46463129191844
72.4502930749889
72.43549134852873
72.42455446730241
72.40943158104294
72.40353081760522
72.39103989306098
72.38031980282189
72.36889728914707
72.61281138191772
72.60582589120145
72.37899009175584
72.58670242895968
72.36407292922685
72.35550247033075
72.29152340380969
72.2889663025335
72.27983148234465
72.27498335621763
72.26640867258263
72.25480150545029
72.24209478580833
72.22030514610601
72.2113034257445
72.19986630420364
72.25809376030247
72.26694832540477
72.44063441599273
72.43160883869147
72.42421225267366
72.41080129377117
72.40576578066359
72.39442444907755
72.38583229936657
72.37573706240784
72.37273103233827
72.36507387500744
72.35654805645264
72.34758808989544
72.33743266316075
72.32674273625011
72.32112659895292
72.31667265620204
72.3009527126239
72.29236147890227
72.28638122150355
72.27503613919488
72.26713374232321
72.25376087529719
72.24344744662125
72.23520482275826
72.22612971825386
72.21772341663807
72.19974203830283
72.19685495231666
72.18420228450262
72.17408154187419
72.16617385605703
72.15889706081074
72.15452328601378
72.14495649670772
72.13325809919122
72.11787504385357
72.1111510618463
72.11537761272807
72.09838792288777
72.09198955943624
72.08075513034257
72.06921958059968
72.06107421382096
72.05694256717986
72.05418630555943
72.04375391742686
72.03037210008786
72.01678955311498
72.00320181149681
72.00067461824635
71.98638363697863
71.9755701382642
71.96893721719975
71.92143511002095
71.9142653237971
71.91008856682234
71.95928031742253
71.90322324619405
71.89618892077966
71.89087383618843
71.88149038627256
71.87208032609621
71.85978792308147
71.84546104104959
71.83925304404686
71.82930338657023
71.8170367272431
71.81428038340668
71.81002541970298
71.80327524465831
71.79980546416849
71.7894977401946
71.78271676503196
71.78063667754118
71.7733982447036
72.90422429436198
72.89062917314303
72.87924091576454
72.86972533305483
71.73880065529305
71.7280617441509
71.72227533532671
71.71034302700204
71.7017915670352
72.94834355428955
72.9365528546579
72.9216302455837
72.90876279742463
72.8910660869891
72.8847092290876
72.87279373069349
72.86107090368198
72.84847984321551
72.83401926241109
72.8273187489205
72.81695022407845
72.86830514350284
72.85696025549758
72.84346271659705
72.84052152826456
72.83203024957771
72.814308684934
72.80454319425894
72.79344887626853
72.78745561129327
72.77418393411172
72.76514486780839
71.72740228834104
71.71799489029144
71.71001731863457
71.7065235574991
71.6998803346209
71.69512649208771
71.69131201872077
71.6874878391228
71.67775819012803
71.67202116678902
71.66751419177413
71.66062734186822
71.6489678964554
71.63810925163835
71.62927803131048
72.64758222871089
72.63486058446087
72.62925029808908
72.62057711564584
71.60666447082505
72.60126203138327
72.58863773586218
72.58014266996446
72.56993053969741
72.56131447586596
72.55320226142099
72.54422505227393
72.5337365921224
72.52448133408669
72.51478586208546
72.49955439868693
72.49226851887785
72.48343063584052
72.4777306593702
72.46598735277352
72.45390186246786
72.43933420960832
72.4337734787944
72.42247936533445
72.41203092971168
72.40165272704387
72.39366598528689
72.38228474104123
72.37449642338187
72.36704498845259
72.35976385706827
72.3486422439997
72.33651946752812
72.33022515318409
71.42997107109471
71.42220111909268
71.41740488853779
71.40664243282107
71.39495595860309
71.38929197066976
71.3854503150413
72.272704716033
72.26279902904773
72.25509990158393
72.25133987550731
72.2436961614853
72.23217952600207
72.22019882306711
72.21205401710148
72.20077775084995
72.19240749657854
72.18168965998443
72.17396285388052
72.1678090032171
72.15921362242725
71.30781807718469
71.30605271307117
71.29924684655072
72.13776204207598
71.94686232111029
72.12644550594527
72.12021774436454
72.11011410775137
72.09773431583979
72.08764308072604
72.08127512640688
72.07949817799395
72.07361598812061
72.06628523439
72.05772535581237
71.88119757467373
71.877212505504
72.03813505851528
72.03216344268824
72.02214976133239
72.0139701728117
72.00892816695183
71.99953953478177
71.99194303278917
71.98394200680887
71.97263524809141
71.96513418785972
71.95502953288491
71.94950515522116
71.9445426692307
71.9387267170134
71.93380744987871
71.93033059125537
71.92363360593552
71.91525632968073
71.90772803677902
71.90061647092635
71.89595515646909
71.88533827638838
71.92238620241825
71.87921753718267
71.91361002614457
71.90713148344265
71.90111598464438
71.8965446579949
71.8865448126629
71.88010501319978
71.87614422484917
71.86668343478776
71.85884460758062
71.85720317493909
71.85257606901223
71.84417716540287
71.84242162129061
71.84008971099723
71.83573472678076
71.83473417565851
71.82927206187618
71.82490953306403
71.81825078086396
71.81007879185204
71.80448748382884
71.79488280434352
71.7854760036292
71.78267173336707
71.773365034834
71.76624231391385
71.7601804448731
71.75614165774822
71.74666600725327
71.74027298993911
71.73639362462005
71.72977075898986
71.72216577107422
71.71747825341996
71.70913396957715
71.70174931593115
71.69564641293753
71.68673364297291
71.67769956894925
71.67227806336423
71.67017004399456
71.66654220293599
71.66089904168815
71.65134544478062
71.64572829012369
71.67801248088195
71.67051205816485
71.66489605327533
72.05603592340199
71.65440593855752
71.65435727019741
71.65113880138897
71.64546746841589
71.6386083821297
71.63042119870573
71.62439551334263
71.61649810269371
71.60845820817512
71.59183560463786
71.59007922087818
71.0106930359135
71.59975083714026
71.00782962815589
71.00377266609044
71.00116217935218
71.18267870706146
71.17825149704264
71.17088117540442
71.16927133905762
71.16284616027711
71.15602865526661
71.14878068960276
71.14229308145762
71.14003315791635
71.13585597572468
71.13520477659536
71.13002231249443
71.1255470608442
71.11837553241605
71.11579615264418
71.11270889800805
71.10741404800316
71.1040460090453
71.09653358641478
71.09554258687785
71.0906144727437
71.08690055614846
71.08148268661049
71.0769202721304
71.07226146849193
71.17391666630634
71.06735561149888
71.06486646673793
71.34453178589392
71.33970966395856
71.33103533706077
71.32356803778798
71.04961923243832
71.04746551660412
70.93386636203238
70.92650675233902
70.92442161798716
70.9228407816989
70.90708485770273
70.89992575566157
70.89466668110212
70.88984476670072
70.88579053157567
70.88329380528886
70.88365167209588
70.88003705754255
70.87176841555421
70.86473892205348
70.86454300421356
70.86240763450321
70.85852139140324
70.85633212615478
70.85266789737446
70.84698160584148
70.84667032359329
70.83993749101734
70.83751359254848
70.83515577836911
70.8296137471759
70.82675218610972
70.8281351679523
70.82461275455681
70.81904140794657
70.81284197210614
70.80921993977097
70.80873298725676
70.80777135155041
70.80475253298324
70.80043656716343
70.79937171305957
70.79580239055582
70.78899776025015
70.78910131370591
70.7885188493875
70.78730146784201
70.78553319492549
70.77969578912663
70.77761213621727
70.77815314429677
70.77103139027741
70.76946297204849
70.76497672396329
70.76463577832686
70.76392702148738
70.75889829369163
70.75885833185879
70.75917974043078
70.75690716246021
70.75383509964885
70.75230202146717
70.74741773977959
70.7418423998004
70.7409800338477
70.74072895692329
70.73639915590036
70.73262858679298
70.72753557032546
70.72444454140793
70.71823014435176
70.7153621422867
70.71282984961044
70.71057243947978
70.70944341410507
70.7061754758587
70.70322176965836
70.70297523102094
70.69868802740855
70.69740761790102
70.6932198140706
70.69190646778708
70.69065073337288
70.68749374520291
70.68582385506745
70.68091123181463
70.67640852613727
70.675088776653
70.67167259550618
71.01684758209421
70.6668745054868
71.01126661927529
70.66097227276815
70.65833541168602
70.65778193604324
71.1595521231495
71.15386214649466
71.1493985363755
71.14395061922816
71.13986063241731
71.13808735165505
71.1345073457128
71.1331086908444
71.13179113157487
71.12595141797934
71.12494598645094
71.12135963953341
71.11771084068866
71.11321996049412
71.11000352551848
71.10751472314234
71.10634962916556
71.10481177613228
71.10259432275711
71.10210685426597
71.09824217902758
71.0958706875244
71.08895381615258
71.08242062271079
71.15504354424075
71.07835426461699
71.07318625611805
71.14345527871437
71.14022325766004
71.13712080226459
71.0658623841619
71.0617139174522
71.13228313089401
71.12719506854044
71.11872444904878
71.05172482023126
70.62511471060212
70.62330765344721
71.11719059882411
71.04810471458495
71.04530826565426
71.04083063586992
71.03701555891956
71.03078850779542
71.02268698672718
71.02075587041382
71.01431976234038
71.01180878225668
71.00773621233796
71.00268072878511
71.0005706272433
70.99749255587547
70.99518290598247
70.99272585977175
70.99207988705217
70.98512043405584
71.08259099741797
71.07903646853119
71.07526635442183
71.07178914089353
71.06444699316161
71.06000679765185
71.05629364663169
71.05240261392703
71.04888047969736
71.0466039614582
71.04589748553195
71.04373388497183
71.04306461307206
71.0389152878535
71.03642259130866
71.03468578218525
71.03207575443064
71.02931177104605
71.02642613704518
71.02547044699314
71.02408812996818
71.02225582089856
71.01935232518223
71.01648314773101
71.01105313908592
71.00703539871637
71.00417910909324
71.00260743889184
71.00063282920767
70.9965411089215
70.98949783202109
70.9877415718426
70.98364635405993
70.98188894856726
70.57130464192623
70.97592592601069
70.56894591452148
70.97045014078171
70.96586744269446
70.96325558273188
70.95840797952309
70.95419236257949
70.55832788153336
70.55709693262769
70.5538345703724
70.55474202178512
70.55406152727855
70.55037920104294
70.54631873649652
70.54505200518409
70.54530038569212
70.5414923446293
70.53857196220447
70.53542330820314
70.53441082817304
70.5319318361251
70.52897624082226
70.5285314986226
70.52740286237156
70.52506144600198
70.5235880207883
70.51779875141533
70.51653705613803
70.51519709200126
70.51416423431408
