50.23018177858031
48.69582371110626
49.28997279786703
49.504815081710184
48.82104296158803
48.4330208318886
48.13864935829611
48.03715457982029
47.663663608671186
47.982478913590676
47.73191466301258
47.73800575356884
47.808791495196935
47.83880268920038
47.8197239046211
47.59859557542861
47.71758833355645
47.69406839115887
47.65932732091484
47.53411887605441
47.76781872220199
47.69028103964181
47.60054376239812
47.45262794679531
47.442123480426666
47.51023830692363
47.53470604890913
47.56242208545189
47.56937594396255
47.52585486964653
47.42636268549188
47.493325127349294
47.46070132691571
47.438766696186676
47.472577590389484
47.463424523441496
47.44341167583147
47.443088410731974
47.435600672006544
47.44167125889541
47.43019962159128
47.4319413598784
47.42254832644825
47.42459928424903
47.43214243074558
47.41563032062382
47.3990036243496
47.40864602972224
47.38103881262509
47.390372791264596
47.37698824070022
47.38702837670294
47.41087035210036
47.42367872742568
47.42811152577805
47.40734208646179
47.42740677171593
47.42533143757749
47.43671705500524
47.41935026364191
47.410909081874415
47.455134546583174
47.43186343671038
47.43300928181377
47.46853461683142
47.4559418841016
47.43697928780965
47.461322159046404
47.45742313056196
47.414747964960355
47.45868541845083
47.430750206291265
47.4337418395215
47.4251737037758
47.4217576793532
47.41548525283732
47.41102133866885
47.40573659767168
47.38953920173342
47.375499050659535
47.3569301297476
47.355167415124775
47.38066749675135
47.379376017709056
47.389750663998925
47.388135186687016
47.39770634744042
47.40143827908482
47.393444142540595
47.40288595442877
47.39876996073244
47.392308518588365
47.40598816480676
47.416771240274514
47.418320992004645
47.41762472247718
47.41914381262101
47.409718456462684
47.41938070514353
47.42406513909649
47.40352043052519
47.39570753458651
47.3988722624226
47.38696048043814
47.380049830667915
47.413018245294595
47.43343061874709
47.45272476589678
47.4346929866676
47.41391939629452
47.40367754846328
47.43924885184632
47.42481613085469
47.36850925808514
47.39389413177393
47.39251604574949
47.38725699876542
47.37035458500168
47.391701203858624
47.38767030825852
47.387953084908354
47.38803387529648
47.385081664316935
47.3908713692849
47.39856342541037
47.39148492777004
47.396368246118705
47.39215676559411
47.39917913072277
47.37231117316601
47.35876543912922
47.357853689120915
47.380172713850584
47.379152408726476
47.37282087656403
47.37229339150315
47.353285641647595
47.36045377007233
47.348497751400835
47.34371648349544
47.32989400940433
47.331872690968346
47.3353077831601
47.330920500063684
47.33690943267828
47.32512449047235
47.322189288246946
47.33241941365012
47.32795110056943
47.32281014408439
47.3331072723085
47.34196535698454
47.3585055730015
47.36254397394114
47.36300419937629
47.35825921415743
47.35538560159136
47.36501474581011
47.37086894776881
47.38069682109914
47.383752572299024
47.37077399885596
47.37051601292938
47.3595794848113
47.35047623857515
47.36274916710842
47.34720115235137
47.35473436381582
47.36257920621778
47.3586282664354
47.36185180813163
47.34692927780884
47.34280477089207
47.34699503911595
47.345862975085424
47.337569368886165
47.33654743792497
47.33918418391826
47.34062914807447
47.34148195576124
47.34890824814007
47.34758427782572
47.349424788483034
47.35539797697695
47.35160029899484
47.34408932599689
47.33854308493364
47.34079972894758
47.33132117971182
47.35190191330405
47.35649989620797
47.355199125482635
47.354927786442225
47.35731960329112
47.351700725507634
47.33849738739472
47.34182144723032
47.3328672133509
47.32643389029905
47.328164168443756
47.32250218841771
47.32319207093079
47.317046573838944
47.315531205947316
47.317778864195716
47.3230327420448
47.31646783040115
47.31385531496978
47.314047897133335
47.31501065260871
47.31078783321528
47.30648458618472
47.30015902432647
47.30248007926429
47.29516321412957
47.30111787036384
47.2984228016068
47.29487494876548
47.29945254864688
47.30138619660262
47.305959287204665
47.30708004451084
47.313013812996985
47.316267895556166
47.3234097631991
47.33005201912761
47.331415201990644
47.33089231256529
47.33023221932459
47.3350720816023
47.33882196145513
47.33451364780292
47.33343214098173
47.33966071251916
47.34103990713114
47.34701799626076
47.34481609870728
47.34022124044835
47.33942830681555
47.33907944264151
47.333095824775036
47.335043247371864
47.33533201692456
47.33861464110068
47.33687517445886
47.33863681587408
47.339906067967156
47.34124514501533
47.345169180107504
47.339326248405996
47.333932082927326
47.336451413516464
47.338023952992415
47.33131326432673
47.326443887242625
47.325257735375665
47.322093340328024
47.3272599319412
47.32811630549233
47.33535722592794
47.33000197013914
47.32155700556575
47.32446759777144
47.32466183584132
47.323214051669055
47.325060765836504
47.32620002144645
47.33139159317381
47.32392929964978
47.325945561452684
47.327160273378816
47.321384119299935
47.31793517132451
47.31895756585154
47.31975514117863
47.32180438031482
47.32104964613951
47.32235547543927
47.32535207126909
47.327470631534666
47.33096152592229
47.33370998491051
47.334808342885964
47.338137188563614
47.34169892576294
47.34273676127984
47.34120872096864
47.343508554544606
47.33700207863511
47.33636325108366
47.34011061668629
47.33914051449407
47.34387441640787
47.34590329186255
47.34509128405213
47.34462487298544
47.34323990985274
47.341353272318656
47.3423018059127
47.33750308596176
47.336864593205355
47.333958912377994
47.331386470265535
47.33584595807088
47.339521045874434
47.33859367541379
47.338538820389935
47.33943924480077
47.34350150648136
47.348645578856704
47.346506286634984
47.34572977688913
47.34174650035348
47.337283293654245
47.342737343912766
47.342327084392196
47.34274372525705
47.34236196976614
47.34777080615206
47.347572993682476
47.35042871662005
47.35055267022554
47.350775833379444
47.3529295112343
47.35496871786071
47.35613383614292
47.36152761946874
47.364052466363894
47.36637646467407
47.368179124284836
47.37495391719285
47.379149918023
47.37769075009514
47.379770019883054
47.38174627535875
47.383265518377776
47.38101093163846
47.3805177467048
47.37796276475381
47.37749460225824
47.37918452322044
47.37201596141814
47.36895424770501
47.37394976416228
47.3732185830913
47.37291053658213
47.37055071513033
47.37009236653733
47.37072948649646
47.370452391202726
47.37537882519595
47.37784329314616
47.38017500833321
47.378676013402504
47.371955899365226
47.37395036725546
47.37198666239396
47.37148045580025
47.370521912187314
47.36993432705699
47.37077551152674
47.36901607988028
47.36994297646486
47.37153039596595
47.374274854446604
47.37894412684432
47.38445103063114
47.38339058653333
47.382702013886295
47.381971979885805
47.38479802762407
47.38369745408183
47.38212388135713
47.383789895783345
47.38401843362124
47.38431271415623
47.38631258005992
47.3869540366514
47.38856917210615
47.38953852729821
47.39107262235141
47.38722479407708
47.39191215862548
47.38826458638435
47.387799274234816
47.387874276841394
47.389673388785575
47.39044783208224
47.390625254500684
47.39012563973214
47.39227443639
47.39226110604857
47.39226226088871
47.39320312465906
47.39148164209612
47.39123372139822
47.39123034914229
47.39082831469047
47.38786965103035
47.3878524809298
47.38766270411046
47.38685745137436
47.385597866733725
47.38523575094563
47.38531133576514
47.38590192543958
47.38635699521385
47.38383032043232
47.38120000475238
47.383657988686856
47.38425843990285
47.38154480048984
47.381896103526635
47.380812930522524
47.38190920014995
47.38540175176248
47.38783183825759
47.38660600094495
47.38799088480051
47.387400324400915
47.385306473933994
47.38624272628686
47.3888428016564
47.38915693222557
47.391628469197286
47.39291177343264
47.389376378884705
47.39000349438262
47.387296769383546
47.38932873257886
47.39209659022583
47.39104314665728
47.3875087889485
47.39083111667938
47.39548342556639
47.39622534538906
47.39294752221963
47.38994763400909
47.38783554981677
47.38326601698255
47.38321750344195
47.37866692168421
47.37707695445491
47.381560173892225
47.37650363621145
47.36405241694559
47.378767110356144
47.36421904394436
47.36652767470001
47.37091540264981
47.37030794452102
47.36912676813281
47.368295904234486
47.369089131291645
47.36966072940093
47.37284050149933
47.37035069216789
47.370323297300295
47.37067115615981
47.368046770516386
47.36790628050968
47.36691571189274
47.36391545930257
47.36594598953941
47.36303971384865
47.366014432296176
47.367459445424224
47.36693782145891
47.36882979459867
47.36948175980045
47.373051202858406
47.37327874383763
47.37452213160136
47.37350873342912
47.37248453651532
47.372019954475704
47.374652974028606
47.37722714975496
47.3780217475283
47.38971286144697
47.383045926523494
47.3957419506062
47.39438749340109
47.385284255929434
47.3837870547248
47.382446264664935
47.38242357638297
47.38161969336911
47.37970260327853
47.38035708484316
47.381227651064954
47.38190955883149
47.382177299559075
47.38425120654497
47.3821652795691
47.39892287056509
47.40032237809081
47.400456704727965
47.39894413904364
47.39951964449392
47.39949722527309
47.39908274883373
47.399564968975966
47.399845311563006
47.39946464977877
47.40196208620178
47.40533648687338
47.40506142365585
47.40463015607541
47.40270192281995
47.40459031063069
47.40368058685074
47.39937796623256
47.39885976508055
47.40169260728105
47.40401635711193
47.40161605720701
47.40298732528743
47.399086188733
47.40244243848945
47.38827527738761
47.38820123039997
47.389246479710756
47.39046562330781
47.3911677032593
47.39436593860584
47.39481527389042
47.39264786065217
47.38984197383618
47.40015040622561
47.40144659222358
47.392094193528806
47.40391071630115
47.39302062091254
47.40208551175599
47.403670810466835
47.40464731185324
47.40687505202107
47.41012778702623
47.407742897706385
47.40677745166596
47.40527325180736
47.40507695288753
47.40170072039643
47.40190046210257
47.40400641641424
47.4041831900384
47.39096679559812
47.40213645686701
47.4027226182525
47.39757737690908
47.39660894447757
47.395514733857716
47.40133314497914
47.40520990697009
47.40741921147316
47.407075653658865
47.40675156474029
47.40652616385181
47.4055773786587
47.40484454677177
47.40284151787199
47.388920287400914
47.3880021986758
47.386742117725454
47.389616628571595
47.39285264247812
47.39208432532838
47.391466895265054
47.39286661960007
47.39113234057509
47.39101626746841
47.40658411071789
47.406624738351596
47.40797211895205
47.39459904231173
47.39190148598436
47.3904885683961
47.388845807629465
47.386217540566044
47.386858190992555
47.386922440261145
47.38543128819325
47.384622623600436
47.38428910053685
47.383467243730294
47.38570162994035
47.38769759313438
47.38622720347882
47.38739301251042
47.384983578681215
47.38438636184401
47.38362932110058
47.38457466330507
47.386721744069106
47.386828678844005
47.38963188958231
47.388378090016936
47.39112896539495
47.391882569809205
47.39273922614545
47.390181302437625
47.388427041543466
47.3861165161049
47.38633965440764
47.38688986959405
47.387312690630694
47.38642186389464
47.38743326663965
47.388875138758905
47.39244501978442
47.39434531524177
47.39710395299386
47.39701130168042
47.3976518505322
47.39807531999145
47.39878338656133
47.400387507695825
47.401365785884764
47.40047939892268
47.401144139319605
47.40039947771694
47.402273493164294
47.400593070644376
47.402220354572655
47.41295883352166
47.41058274437479
47.41183599970157
47.41375840176395
47.41506177284301
47.416446150910225
47.41842664440128
47.418976348174155
47.41902816849137
47.417444372988335
47.41552277607775
47.41688110508247
47.41983713685026
47.42239217203932
47.42201929571821
47.42190224524818
47.42185536806922
47.42173441839592
47.421126230136046
47.42073688398585
47.425141801728195
47.42498617582607
47.42660969153821
47.42665614814462
47.426383173030096
47.42795818676868
47.42700864115718
47.428153472524826
47.42678133647691
47.42860915856616
47.42705731984243
47.42751657839003
47.42850442981957
47.42843671731021
47.429525585579526
47.4291284018894
47.43010018792502
47.428559452019385
47.42756972404166
47.426309728334296
47.428103183978585
47.428464857742405
47.43056119887575
47.43249737231516
47.43390105495227
47.435189893856055
47.43505095964938
47.433883760546244
47.432594525788005
47.43313006512227
47.42822682063257
47.430100921752796
47.43545010914504
47.43549288099905
47.43163487111862
47.4305668235265
47.428304396333786
47.42839242932195
47.42801427812841
47.42839106717758
47.427292983754164
47.426746471604154
47.42638353443492
47.425399268194624
47.42590831285781
47.42604876716293
47.42586971453345
47.42522022778451
47.425642330274336
47.42507650527583
47.42383483578056
47.42295999690962
47.42050328098803
47.42205261823838
47.42423997983956
47.42581129131672
47.4256064351654
47.425800627500415
47.42602954850969
47.42715181758424
47.42647963631307
47.426272627316784
47.42575999217218
47.42735968567296
47.428935670798595
47.42763264779021
47.42827005694348
47.42871814024478
47.4311422001492
47.429657563898566
47.429498578744564
47.427800285668084
47.426995403789086
47.42757572727405
47.42744552825045
47.42881480016009
47.42745581229944
47.42472068486785
47.425043948131744
47.42470727409984
47.42602034504196
47.42464631525887
47.42175656335885
47.4216230664139
47.42218253655928
47.42202252564036
47.4228620468529
47.420678782787405
47.41911712595156
47.42159200872856
47.423494544917595
47.42316129568205
47.42477862650637
47.42478651984082
47.42581791688578
47.42826843619669
47.42690853381329
47.42781132703928
47.42682162346717
47.426383456547555
47.42684409997788
47.42706604235527
47.425352324097275
47.42426903382236
47.42527219718345
47.42513158435249
47.424061935217004
47.423366041212596
47.42314272533651
47.42243921551212
47.42082461484528
47.42121688966181
47.42054101978336
47.42278710599787
47.423074884116645
47.42288535447315
47.42452617819331
47.423125665724285
47.42159476988169
47.423533112333104
47.42124997736606
47.419554786229966
47.4192783058728
47.419771810494055
47.419777491904526
47.418466513330905
47.41954571236847
47.42151276034066
47.42288441001414
47.42480391785614
47.42583559584862
47.427411310405724
47.427371083798505
47.42770366327063
47.42675786873406
47.426922589724015
47.42634366111665
47.428768787062516
47.42985649214054
47.429457215954464
47.43101136407456
47.43145045069487
47.430817972741465
47.43004427096862
47.430065288710544
47.429102469640355
47.42892582316399
47.42798427162602
47.426007688999526
47.42687293257522
47.425931628484626
47.42698728661925
47.42697837073097
47.427582778012415
47.4285924679225
47.42431192376166
47.42538043476247
47.4254288454311
47.42733897684508
47.42621972215178
47.42501523179664
47.42475312772053
47.42493954548826
47.42484069564975
47.42484963148906
47.426076573881346
47.42656935018086
47.42780945939658
47.430986268330436
47.43103454974455
47.43157601746988
47.43255353437935
47.435297198843465
47.434971370372665
47.4357493963122
47.43679771464522
47.43716273963365
47.43627746243329
47.43562125183096
47.43575793529247
47.435692434538005
47.4345962027933
47.43579005913851
47.43441026092253
47.43352772466954
47.43422968857383
47.43330517834701
47.4316299989206
47.432551075792965
47.431519156633726
47.432724088805074
47.43085256726839
47.43174360532667
47.431158889424196
47.43003655050134
47.43136066759567
47.42942561952369
47.43123478781055
47.43040743837558
47.43046124533031
47.4299848416103
47.43062442719842
47.42952596691034
47.429296541352436
47.4273417745709
47.428783821055546
47.42714414808939
47.42589430129057
47.42552752983196
47.42660190754059
47.42641856641606
47.425554177508666
47.42362759136246
47.424542076670235
47.425731667378024
47.424644085254585
47.42478697984148
47.42562761086721
47.42587762141697
47.426375625930646
47.427560283029344
47.42913223696106
47.42926338428467
47.42908088391528
47.43000018693647
47.43023434876412
47.42972597155773
47.42892198215874
47.42997782206032
47.43041123829396
47.431322136138846
47.43184243256991
47.432186533396845
47.433485858730776
47.43435014808244
47.43561098290329
47.432956122139984
47.432513662775754
47.431238402140266
47.43140154437647
47.43084021836708
47.43292325349468
47.43193633751774
47.419476010605585
47.43185260477006
47.418527043832206
47.4326406121073
47.43160405482704
47.42060128106459
47.435056286408674
47.42421744175651
47.43511047031225
47.435731177239255
47.42339984657672
47.42307635095996
47.422102697269004
47.421662848086065
47.434410622448254
47.43619743799275
47.42357220670684
47.424010043769606
47.42293347909703
47.42354193799315
47.42310172432857
47.42305308441985
47.42302177034758
47.421659598836904
47.4212052923937
47.42353613089801
47.42180634033411
47.43527703038263
47.42184335374563
47.42319908453413
47.42314166233377
47.423456695107966
47.423593017846606
47.42232450349175
47.42384519885055
47.42291099741441
47.42289557670909
47.42336144589518
47.42337615609977
47.436912981677644
47.42265727882024
47.434728250697376
47.435098927101286
47.43421125967121
47.43516330626232
47.435557371791006
47.435738139537136
47.43657561986191
47.43744275035216
47.43759506054509
47.436243732558125
47.43782029996971
47.43827073665216
47.4367420154623
47.43593075136254
47.43570920039395
47.43734739735516
47.435274172876895
47.43480545206837
47.435121424071916
47.43416983274919
47.431620920358895
47.42138018622874
47.419903768145936
47.42003392782665
47.42137486014292
47.43000164706024
47.42228111434563
47.43202563593705
47.432482463930796
47.431514063117056
47.432281997422606
47.42245355236866
47.432552797530136
47.432342809833884
47.43029535314202
47.43202495063164
47.43101037161137
47.43222398750321
47.432360521400994
47.43267946796249
47.43201922472215
47.430742384753025
47.429486548436174
47.42822059768142
47.427520188351444
47.41842607886994
47.417861506370436
47.42553880420488
47.41603547972017
47.415504924764775
47.414311873818704
47.41558960971569
47.41633977356087
47.41452031821244
47.41297093298106
47.412907461745306
47.41523800509831
47.41618338966311
47.41590486985059
47.41526616229458
47.415958395497114
47.41780063181208
47.41901263897468
47.418178507322615
47.41835495440883
47.41685279847183
47.41851746348168
47.418771356051025
47.41937328591389
47.41919054355422
47.41901938099997
