1.7814428072044488
1.724925662577753
1.5402459779662734
1.5567347033706709
1.5396912203430766
1.48393342940486
1.5190590212196624
1.4458128765438931
1.481898148603201
1.4780840753757654
1.4280235988227363
1.4141336652668681
1.413112536455504
1.3930081882746497
1.4011408880481113
1.3907890694842029
1.391362204972914
1.3928568273627058
1.389331031414308
1.3838902696239468
1.3868860167097814
1.385959541232693
1.3819157664847663
1.3811191283726485
1.3820733235507086
1.3811101953396352
1.381103140806611
1.3791532305867755
1.3754686786335368
1.3757373703527647
1.3782398506718088
1.3792724835778438
1.3791763674091684
1.3790513076484456
1.377607100663333
1.3779072471899172
1.3769318168302838
1.3774775785796178
1.3758019731538949
1.3752577117337481
1.3754007544264941
1.375095495768276
1.3742258620192431
1.4064246218610479
1.4052035902113458
1.3726066525557743
1.4039734966275659
1.4035270824364166
1.4047022620090515
1.4054327333621783
1.3721459633343647
1.3724483687549742
1.372434258748268
1.3710033933717396
1.3690277589492772
1.3689924874456112
1.3689207398016259
1.3683732417274892
1.3684637601918408
1.3692885861733812
1.369028660907796
1.3687195014272138
1.3683113707985706
1.368021124083917
1.3678803958808776
1.3679215369571827
1.3675288630055082
1.3672435024495557
1.3670625427586283
1.3667487834166516
1.3671261751474537
1.3673681610517423
1.3668027788060484
1.3668858053481725
1.3667286794026443
1.3661960479450699
1.3657665261084257
1.3650226245774506
1.365351598302336
1.3654296160561177
1.3653013006207733
1.3655322477857543
1.3654997337651853
1.3649837680499763
1.365002849198082
1.364966452974494
1.3647132969284579
1.3641407442774187
1.3643188161668205
1.3638498181815544
1.36334709967994
1.363672916665175
1.3638239335738962
1.363789137158558
1.3637040752305751
1.3636944181348598
1.363319047780733
1.3633797222563637
1.3633955851598283
1.362066070886457
1.362899571793618
1.3619734826337708
1.3624262353618448
1.3619677408731587
1.3612316358366712
1.3620874292777345
1.3618402048531204
1.361752746119419
1.3604462358798526
1.3603031969610275
1.3601965809501861
1.3602592003942888
1.360043753181763
1.3595816819796769
1.3593129508693071
1.3590403256396375
1.3588085451108305
1.3586324286206253
1.3588369379081535
1.3588120746499646
1.3587476193412142
1.3586968077726262
1.358637512663856
1.3586687721716197
1.3585351778287136
1.3587975021755367
1.3589231165978224
1.359112541585748
1.3583458334267393
1.3582787366168425
1.3588034447727062
1.3586702755330164
1.3589338957990746
1.3589740832306851
1.3588411308616022
1.358244563092767
1.3581842264279353
1.358194775470475
1.3587778723372415
1.3578539632770756
1.358210985272208
1.3589648612890346
1.358938310936856
1.358227561735721
1.3582485601116607
1.3581343911601806
1.3582633354384255
1.3580211626235652
1.3580133639604617
1.3583373886725683
1.3581962402456829
1.3579852726230135
1.3579897649638677
1.3577513334673081
1.3576353205271638
1.3577430173304672
1.3578391317174676
1.3576994039401205
1.3577355044243562
1.3575384808927757
1.3574429262437195
1.357581116639703
1.3575081581721067
1.3574195301541767
1.3574935892712237
1.3573289658925838
1.3573596907091667
1.3573328601823804
1.357178957542194
1.3572886150166419
1.3574487259423327
1.3574538209835167
1.3573019159782982
1.3573427582112616
1.3570590803506957
1.3570084839382126
1.3567476647110297
1.3566994993639756
1.3567591052505652
1.3566124928860959
1.3564646438602006
1.3564267699967336
1.3564871238522844
1.3566615912144397
1.356767728462026
1.3567596945965525
1.3565750539768777
1.3566727559073766
1.3567849934538472
1.3569172569676984
1.3570099105824933
1.3571063824035023
1.3570406825213719
1.3570205834722897
1.357083778740607
1.3570423113085368
1.3569192450731318
1.356854120145396
1.3565684701361689
1.356605644302308
1.3565912677181087
1.3565612559445583
1.3563169598683587
1.356314794256542
1.356199798768579
1.356219044069865
1.3560702562487723
1.3559663647595601
1.3559328180105539
1.3559977381045474
1.355951630841597
1.355858866795896
1.3558012368441246
1.355907031319674
1.3559716739015322
1.3561248951077276
1.3561594497301037
1.356229125130186
1.3560655097354142
1.3564976598682006
1.356265143880827
1.3565080491408796
1.3560355971062659
1.3557971747558344
1.3560309693446595
1.356248257740752
1.3563988322929186
1.3565367765308662
1.356152945807817
1.3564287940815953
1.3563244958787701
1.3562020515166693
1.3563821352386591
1.3560858008574277
1.356280066217891
1.356299468005708
1.3563983694921187
1.3562376093918274
1.356365580553176
1.356356173963419
1.3564444530310191
1.3563185639016946
1.356357759635715
1.3563288343723554
1.3562878490472239
1.3559587380024223
1.3561656713906771
1.3562112264298505
1.3561100536085273
1.356089559838658
1.3559719125762277
1.3560993871497915
1.3560549401072708
1.3560374675160196
1.3560735478312405
1.3560647327303816
1.356072799542297
1.35599041260787
1.3559258707892807
1.3557678653964842
1.355642300819531
1.3553889229583853
1.355667875295931
1.3557329612941107
1.3557745522262517
1.355691194547227
1.3556774486913958
1.355696336068611
1.3554738569400933
1.3556402611917917
1.3555772048279353
1.355517679620921
1.3554973777962986
1.3555577502154965
1.3554721643266046
1.355262976256046
1.355215846040665
1.3552826042385713
1.3552732584587417
1.3553199601464736
1.3553418881107517
1.3552756898712806
1.3552054524179133
1.3551060358367482
1.3551073516504688
1.3552083123022591
1.3551648229187763
1.355208603437871
1.3550987728260142
1.3550834843970048
1.3550244710439134
1.3550432849979517
1.355096859121976
1.355275269165433
1.355293117411484
1.3552491090727505
1.3551818177234698
1.3552185030315012
1.3551824327149076
1.355120085474511
1.3551608067440017
1.3550990679187465
1.355070069121203
1.3548911289823415
1.3548599158776184
1.354838850655386
1.3547523195247018
1.354731911091112
1.3546255944304215
1.3545892823163084
1.3551964308021087
1.3545758908266985
1.3546100440517375
1.3544883610013256
1.3545210381974853
1.3545520803880828
1.354486345639406
1.3544843763026366
1.354431503612997
1.3543956044602452
1.3545827459137423
1.354637886477783
1.354674194354139
1.3547247183469828
1.3546658081237346
1.3546732098316383
1.354726411531844
1.3547832310681118
1.3548468747028781
1.3548921149338997
1.3549238429603905
1.3548689325714491
1.354857274682324
1.354782877686731
1.3547804947892808
1.3546409534955304
1.3547615020268788
1.3547832165392344
1.3547695727391975
1.3547567431270038
1.3546689046547118
1.354615316441411
1.3545588432165718
1.3544808067651093
1.3544282175807265
1.3544105920637168
1.3543820629649939
1.354438467287705
1.3544352792314551
1.3544159955648374
1.3544443672393813
1.3545022603845556
1.3544290778984944
1.3543466777309874
1.3543874048825522
1.354317504812197
1.3542340497116663
1.3548155053061455
1.3547785836209212
1.3547194237427052
1.354751293222928
1.3547400247769035
1.3546536825174278
1.3546757907760718
1.3546812064227698
1.3546243423962552
1.3545771327905718
1.3546403465619543
1.3545685789092476
1.354545042692034
1.3545024399767405
1.3545116183922845
1.3545339259876394
1.3545885704397032
1.354639913742817
1.3545659417106803
1.3545068463264522
1.354487878812923
1.3545283576658864
1.3544408786751223
1.354432685740924
1.3543895802276906
1.3543651438779414
1.3543798552953392
1.3543500363969052
1.3542815832170843
1.3542589008497772
1.3542025176101382
1.3541607233087327
1.3549301856508873
1.3542393730735733
1.354227638787028
1.354144712565395
1.3541576960761341
1.3541688062226136
1.3541867532497787
1.3541640829474606
1.3541689294945256
1.354261331188666
1.3542634364521131
1.3541839390319537
1.3541633505755482
1.3542069911194738
1.3542247580270335
1.354181068632437
1.354074046658173
1.3540390260026953
1.3539535988009963
1.3539443770508206
1.353923278920555
1.3532363660609015
1.353178058743427
1.3531446273769103
1.353099666452963
1.353071434589609
1.3530404711495605
1.353026429582212
1.353056533338971
1.3530026624082614
1.3529674102275926
1.3530122836968976
1.352987567220021
1.352928968993676
1.3529632677239014
1.3529363915033876
1.3528841493619856
1.3528350779647325
1.3528587171513373
1.3528231910115964
1.3528833906274642
1.3528562041797316
1.3528192014907254
1.3527701271537353
1.3527022950663703
1.3526978921094508
1.3527337020279413
1.3527492985952412
1.3526577055248354
1.3527100435389425
1.35271199658997
1.3526651466835844
1.3527183798202187
1.3526190165772745
1.352647695916054
1.3526726995962761
1.3526841553303526
1.3526401653394213
1.3525957908602078
1.3525771024254947
1.3526041619705496
1.3525972302191618
1.3526238601540848
1.3525535772538244
1.3525718987406088
1.352537550417887
1.3525382367111434
1.3525154406983488
1.352507808894747
1.3524868811390776
1.3524795878619644
1.352469722961888
1.3524301606034368
1.3524924535420155
1.3524763377639484
1.3524873516407525
1.352435797994801
1.3524666614235439
1.352407146700627
1.3523891357971496
1.3524723904684544
1.3523808525237773
1.3523756593234686
1.3523955950593014
1.3523552700528352
1.3523572225654361
1.3523729046079214
1.3524179185253513
1.3524470494925838
1.3524345152625499
1.3524876390427771
1.3524927643662263
1.3524972938724624
1.3524529684607713
1.3524796261392313
1.3524488878371497
1.3524614755963345
1.352506347586139
1.3525789881108503
1.3525990644338794
1.3525380834713405
1.3525619570732286
1.352597639393635
1.3525904971776068
1.3526233433588684
1.3526104415285285
1.3526452058853002
1.352609361252697
1.3525670091433175
1.3525833724540808
1.3525618130623562
1.352576312672671
1.3526303877339312
1.3526067208985226
1.3525950518000711
1.3526208468988308
1.3526574411639096
1.3526303190950653
1.3526018666554918
1.352637257522798
1.3526058865961321
1.3526185713292973
1.352641707996527
1.3525476825083869
1.3525409366109475
1.3525378774380576
1.3525364927804242
1.3524884480296697
1.3525377223276758
1.352572284994441
1.3525661080326086
1.3525441313173798
1.3524334425926234
1.352505322982652
1.3525472443458504
1.352498873161309
1.352445469306811
1.3524109364600196
1.3524580776750597
1.3524464618318113
1.3524723303505297
1.3524743321996429
1.3524764812577152
1.3524314508860837
1.3524620102616716
1.3524176382933564
1.352444075396979
1.3524672376486095
1.352488936767013
1.352490791464826
1.3524468305898993
1.3524384311693949
1.3523945586716903
1.3523916698364116
1.3531892829103307
1.3531647841476524
1.3531531009399107
1.3531336996768022
1.353135132394506
1.3530529061478005
1.3530292869720089
1.353009590684536
1.3530454260951685
1.3530472703945744
1.3530340475895368
1.3530077070612712
1.3529838562218248
1.3529735587257878
1.3529499996120795
1.352972687989881
1.3529520296142352
1.3529372898566143
1.352974795050648
1.3529736123783755
1.3529720963979452
1.3529936190644176
1.3523077885657055
1.3523352608957677
1.3523261112241347
1.3529897996534668
1.3529700237020807
1.3530156013356822
1.3529827384759967
1.3529721423289298
1.3522140735844597
1.3522035113111674
1.352184760841405
1.3521966791953732
1.3521724760289058
1.3521978405530921
1.35216614932269
1.352172138116397
1.3521818408182578
1.352922584473652
1.3529359298111645
1.3529114223041667
1.3529284203334129
1.3529564944963508
1.3529160986735265
1.352871683865186
1.3529130623322483
1.3529210684344617
1.3529079184932684
1.3528925738765119
1.3528980652487064
1.3529036082209895
1.3521436394257407
1.3528180161686516
1.352773056830032
1.352742296813291
1.3527579137166432
1.3527680194608065
1.352787054955211
1.3527628205613749
1.3527650787830088
1.3527763964249522
1.352792377326844
1.3527631199354881
1.3528020101406655
1.35281686532757
1.3527791105249958
1.3528015152756878
1.352807091243189
1.352813323466015
1.3528428409173152
1.352087072162437
1.35210848638496
1.3520991882347861
1.352083283993204
1.35210502042871
1.3520296262942941
1.3520270478084577
1.352009975953253
1.3520243949116764
1.3520433186914202
1.3520449299735229
1.3527650953967723
1.3520612081998116
1.3520649017718966
1.3520654968126036
1.3520822125491332
1.3520794657223902
1.3521026886647662
1.3521091494027677
1.3521173308881815
1.3521883860528001
1.3521602606020797
1.3521408343165813
1.352170891988422
1.3521924171048532
1.352173339580466
1.3521871059918373
1.3522120162534572
1.3522230521168548
1.352226464486036
1.3522319368582427
1.3522308693294414
1.3521899371709338
1.3521745950334263
1.3521971183973909
1.3528889251168792
1.3528848383939596
1.3528831036071531
1.3522092996072785
1.352201165120629
1.3521706743586828
1.3521822615141128
1.3521987919451415
1.3522243466290855
1.3521928718094822
1.3521776723246473
1.3522522601602438
1.3521638944758605
1.3521803426993888
1.3529023710104364
1.3528884018110872
1.3528913036425307
1.3528949568541333
1.3528709826655931
1.3528605635602646
1.3528317718951424
1.3521157993827804
1.3521025470586967
1.3521514475493857
1.3521404895947076
1.3521325344366355
1.3521005188199873
1.3520913414960307
1.3521141340362266
1.3521530275665314
1.3521801550737407
1.3521802865533694
1.3522318201202645
1.3522324687070806
1.3522399154238454
1.3522324529746177
1.3522364602742
1.3522150708530145
1.3522058646301782
1.3523505671558433
1.3523384673462095
1.3522834480282377
1.352269411153803
1.352289563141885
1.3521006030751315
1.3520736708604773
1.3520503819134655
1.3520854880964612
1.3521028685566088
1.3520716063703337
1.352075454049354
1.3520401526520467
1.3520466830048643
1.3520320701988664
1.3520434255247973
1.3520735425083856
1.3520967255847538
1.3520932447434653
1.3522901769979574
1.3522805102018765
1.3522416524029215
1.352223413273981
1.352214184464261
1.3522334159897875
1.3522998353486126
1.3523286288507697
1.3523287424289752
1.352329767509137
1.3523520587274993
1.3523646756010113
1.3523563581902394
1.3523591725842494
1.3523842716405923
1.3523631564164036
1.3523369737929285
1.3523337436286982
1.3522619453220002
1.3522824980792056
1.3523097529413683
1.3523082423387325
1.3522542995350133
1.3522301615075325
1.3521969419390114
1.3521992658660065
1.3521940206822087
1.3521948301370654
1.3521613672487163
1.3521357410531893
1.3520918983229981
1.352089483903056
1.352089187956862
1.3520970043766944
1.3521453603048799
1.3521476602354006
1.352106002566448
1.3520913637788796
1.352063951086607
1.352042681224558
1.3520381088623448
1.3520721911742073
1.3520634424952334
1.3520646014750444
1.3521266889544397
1.3521174196619843
1.3520862847709072
1.3520865542462868
1.3520799375535126
1.3520664262758937
1.352039841450235
1.352068278983382
1.3520494431325172
1.3520021241111773
1.3519725049814548
1.3519342682495392
1.3519324351500668
1.3519512973954269
1.3519336542609866
1.3518952337531052
1.3518802527565237
1.3518752581677724
1.3518756936456942
1.3518496450549635
1.3518375201100985
1.3518461951617564
1.3518147186972704
1.3518281387776032
1.3518378452985171
1.3518411251204583
1.3518181879722888
1.3518159387099629
1.3518067103733449
1.35180145098543
1.3517987798304691
1.35181297481849
1.3518000431648152
1.3518176489557523
1.3517998910028892
1.351811173900677
1.3517856997898476
1.3517643907211356
1.351747501377418
1.351732137883175
1.351725884848997
1.351740008157943
1.3517171132276358
1.3517340887017086
1.3517298781569795
1.3517233000343527
1.3516982418510892
1.3517149839639184
1.3517051935813214
1.3516633036365675
1.3516594234853574
1.3516526735743097
1.351652803701468
1.3516435007233398
1.351650438424916
1.3516538227183825
1.3516587223072551
1.351626535866667
1.351650712536542
1.3516181328049546
1.351581654609875
1.351543088046856
1.3515742491183353
1.3515184656736356
1.35152828383894
1.3515357881079622
1.3515541379451008
1.3515332788755787
1.3515220099230492
1.3515006961900224
1.3514869377041034
1.351493735913058
1.351503509278962
1.3514927071696783
1.351506773418969
1.351475354860449
1.35148095570994
1.3514648231860202
1.351444326479215
1.3514286244530143
1.3514337435891688
1.351440373503525
1.3514144774600456
1.3514140618782209
1.3513981516461038
1.351397609588457
1.3513795274589449
1.3513877775928438
1.3514056384079862
1.3514384237678527
1.3514294076671856
1.351443981067213
1.3514290487737712
1.351438278571905
1.3514254656553586
1.351418971112069
1.3514071861016623
1.351424779411479
1.3514270726092474
1.3514341971355461
1.3514467316519112
1.3514763849245266
1.3514793925457078
1.3514821992193287
1.3514771122678964
1.3514797473284064
1.3514366845732526
1.3514137856902038
1.3513954754734325
1.3513672820064737
1.3513582083830482
1.3513719341595165
1.351369630265026
1.351360874231619
1.3513569144447888
1.35132445818626
1.3513289789209846
1.3512872007912773
1.3512782011634608
1.3513157106748601
1.3513073893171381
1.3512969676152824
1.3512759610275074
1.3512928326690876
1.3512836074170005
1.351269815606518
1.3513151655016447
1.3513185932496095
1.3513218925901833
1.351315428357843
1.3513105869837496
1.3513006965603234
1.3513036151703002
1.3512701949429378
1.3512781766933004
1.3512781661232773
1.3512189477558234
1.3512252675803225
1.351231147901776
1.351228216016035
1.3512307424536876
1.3512228910274293
1.3512378689775246
1.35123873852027
1.3512365066744523
1.3512145905067647
1.3512031370659598
1.3512431006674284
1.3512031724508333
1.3512072092368874
1.3512126336661463
1.3512104698926053
1.3511698616356769
1.3511598214055385
1.3511661074706223
1.351166144730788
1.3511421716670338
1.3511139100532346
1.3511244221122651
1.351133146214515
1.351113812888131
1.3510992249518847
1.3511111392024495
1.3511058830499927
1.351082773950548
1.3510567972911018
1.3510359716352658
1.351004615221818
1.351000192192323
1.351014635593272
1.351002407071565
1.3509695880217842
1.3509641169062223
1.3509714458070772
1.3509619615036859
1.3509557110136075
1.3509449319321503
1.3509386025678907
1.3509470416445242
1.3509782253943412
1.3509566072917276
1.3509499943264112
1.350972762629778
1.3509904062554043
1.3509543896573541
1.350956854714338
1.350950384679746
1.3509603365849503
1.3509573514077824
1.350956039764506
1.3509253915109245
1.350915871374662
1.3509362283091908
1.3509262061189637
1.350929631729501
1.3509280582779377
1.350929697379193
1.3509373367447004
1.350928152205528
1.3508874474399604
1.3508585609125436
1.350837897171336
1.3508575167120518
1.35086430558624
1.3508759408143882
1.3508731499555389
1.3508403793581822
1.3508209443149743
1.350839101551807
1.3508417121891776
1.3508366902624858
1.3508230089009965
1.3508151591676316
1.3507841302553196
1.3507877688877765
1.3507992565574256
1.3507814605346655
1.3507904409636524
1.35078923324002
1.3507790438189256
1.3507844495168444
1.3508072792911934
1.3507902351782601
1.3507807569253936
1.3507883431062007
1.3508255433660517
1.3508068614247013
1.350775190322677
1.3507530023206795
1.3507218257626001
1.350739472579894
1.3507111192591967
1.3507032204748948
1.350787291246372
1.35072579353185
1.3507042933457176
1.350711633311318
1.3506940369888107
1.350711353534646
1.3507251530257394
1.3507553524641949
1.350742681682671
1.3507452718187107
1.3507242041161391
1.3507978652566903
1.3507423564560974
1.350758366878933
1.3507432624596332
1.3507306755124604
