1.6738036871417397
1.5724317763235454
1.4607674667378132
1.4484758426433997
1.4588845432726851
1.4403495416310361
1.4035132105610362
1.3933702863786523
1.4074659657016988
1.4039815558762363
1.376170617965049
1.38310087550609
1.3714658203782333
1.3694231441669966
1.36713042543332
1.3649133851870792
1.3647294528508807
1.3668893678154328
1.3643171111175416
1.3632607103532084
1.3643477497403693
1.355649777309089
1.3500408653783509
1.3501704926828748
1.350584422299912
1.3489996180091242
1.348763707363009
1.3470144026997897
1.3442178924415298
1.3441425317974567
1.3469909617291131
1.346976638697123
1.3466398147525585
1.345931272572493
1.3454316577564258
1.3450250300763256
1.3448817384336877
1.345713156583887
1.343987448576017
1.3441473667940627
1.344679762642589
1.344887480101867
1.34460330242068
1.3434185292527485
1.3429765158484772
1.3421521196261597
1.340932083422112
1.3408858203107883
1.3414864961008404
1.3420403333393254
1.3418428968581981
1.3418150670677835
1.3422013320246005
1.3406910529467961
1.3386746075188694
1.3387211925014584
1.3385749515990464
1.3382771018448345
1.338087393939751
1.3386854246673903
1.3386115601608424
1.3382979029267654
1.3378108469657477
1.3375471335512716
1.3372573631223743
1.3373818630891048
1.3376996900935911
1.3373572735265402
1.337127936168021
1.3368378791632627
1.337293113812518
1.337479555089234
1.336986804686634
1.3365988789978753
1.3363284934312736
1.3358184367032004
1.3351697337299244
1.3347174304437026
1.3349610886276602
1.3350156223398415
1.3347471589309068
1.3346108176970275
1.334071329313556
1.3342481751287716
1.334125312699839
1.3336536865979456
1.3340896491154808
1.333508604155825
1.3337886920383344
1.3334606906731958
1.3330059835972636
1.3331539885597465
1.333022293752811
1.3328663903816222
1.3327120910695227
1.3325075820134884
1.332231243049501
1.331600510564724
1.3316314255437187
1.3311520301984558
1.3310648862572831
1.330961814164452
1.3307571885397529
1.3303237362904008
1.330337869966166
1.3304610737430522
1.3302664150169197
1.3302274876513756
1.3297459494762924
1.3294731755115639
1.3292862685400737
1.3293208976114201
1.329213197492618
1.3289022804183237
1.3286520226009242
1.3284771671093187
1.3282963958090679
1.3281063846410879
1.3281057820140798
1.3279542742697727
1.3279662271574328
1.3279466604629806
1.3279499805362038
1.3279650845871833
1.3278180629182657
1.3274324328772056
1.3274236265258947
1.3275794126200309
1.327546165041363
1.3274903103974063
1.3273405044185544
1.327156120921196
1.3273485866484274
1.32738804285813
1.327292972649448
1.3273152726344803
1.3271965985668606
1.3272614401986838
1.327199104191984
1.3269245991586243
1.3272288869626745
1.327267095052971
1.327229392584333
1.3272368341968213
1.3272252645869203
1.3271193450559162
1.3272292780188415
1.3268931615951727
1.3268722168959897
1.3271991395014535
1.3270601466877903
1.3269094039420428
1.3269299023943533
1.3267161629577509
1.3266109602497038
1.3266463448928651
1.3267596617820683
1.3266633828146044
1.326679416296093
1.3265165916050936
1.3264012348383458
1.3265368683106047
1.326541638788193
1.3263564682390097
1.3264781688392784
1.326328932186904
1.326357372831461
1.326285001035353
1.3262367197049383
1.3262571461894477
1.326560592171271
1.3263202111769907
1.326352054595432
1.3263951479523979
1.3261620202808482
1.3262049544791028
1.3259601105623544
1.3259531885015678
1.3260195215797637
1.3258716093546457
1.3256837151143792
1.325704780276851
1.32571492231232
1.3258845938714396
1.3259840180578057
1.325870212527026
1.3256748942136123
1.3257831342821718
1.3259131259359946
1.325978576892316
1.3261375022051922
1.3262048745953579
1.3262064865056868
1.326222570016059
1.3263062511139514
1.3262313038430447
1.326082708163405
1.3260623052539668
1.3258204859962788
1.3258387441550172
1.3258845009119964
1.3257961228951745
1.3255802681859108
1.3256153812211986
1.3255716497291428
1.3255302016378696
1.3253916785468924
1.3253843099952438
1.3253743271827685
1.325403432246428
1.3252945516565358
1.3251755102531457
1.325122577331591
1.3251674530690325
1.3251893847420386
1.325352628928901
1.3254154431693688
1.3253875680842042
1.325267817906964
1.325264857037664
1.325255533117148
1.3251981995413633
1.3251924766645629
1.324926030119231
1.3249538333521413
1.3249369258199921
1.3250093761204644
1.325099695001332
1.3249497161940058
1.3249043554953621
1.3248287502021963
1.324960895796584
1.3250465006939756
1.324981631369992
1.3250073590876623
1.3249509007150722
1.325063522942462
1.3248626864316606
1.3249599585695169
1.325090628870191
1.3249305421097712
1.3247825772102455
1.324760974408547
1.3247145164002578
1.3246791280740995
1.32456070737887
1.3245581590607327
1.3245771886940743
1.3243989607019573
1.324434298398295
1.3243017559959316
1.3243459745464434
1.3242658722564982
1.3242704849261866
1.3243539418998658
1.3243128508810966
1.3243420693856702
1.3243811742151619
1.3243401863463367
1.3242257061185077
1.3240781761891904
1.3240458358151932
1.3239993184374619
1.3240552100218637
1.3241227111253822
1.3240815624010676
1.324152923917617
1.32421320355043
1.3241602526846112
1.3240988935191647
1.324085459365036
1.3241220546884946
1.3241239807748961
1.3241827516326403
1.3240549661326355
1.323840464206692
1.3238240787015656
1.3238370210055628
1.3238477223386877
1.323881650690032
1.3237303595872443
1.323814876801979
1.323756592449746
1.3235340191222522
1.3237054818009406
1.3236272980784547
1.3237457998502347
1.3237907313472137
1.3237388159215373
1.3237352183585982
1.3236935906816276
1.3236367660774477
1.3236864869666565
1.3237092606048586
1.3237477605588457
1.3237574520041668
1.3236918769137256
1.3237548251825686
1.323702259012412
1.3236514551070206
1.3237032890413278
1.3236531495647503
1.3236696697003871
1.3236596648248375
1.3236387400037024
1.323622326514268
1.3235736832280007
1.3235620721317052
1.3234765354586269
1.3234521706553548
1.3240175153172418
1.3234671863090266
1.3235264558672335
1.3234008835023054
1.3234039719878508
1.3234771948590625
1.3234231597785968
1.323452287190893
1.3233876296803884
1.3233769950393302
1.3233415580036787
1.3234172876772983
1.3234003516656307
1.3234705479261164
1.323233301866218
1.323235978626226
1.3233141869598144
1.3233704375020656
1.323421545751131
1.3234673277157243
1.3234958703520108
1.323453034778795
1.3234263138211444
1.3233601518635494
1.3233509775936474
1.323277049798102
1.3233578161166182
1.3233791740578864
1.3233851534637682
1.3233713224136683
1.3233163565468744
1.323265972152361
1.3232062158135969
1.3231544069815544
1.323124812102012
1.3230574062594145
1.3230301165246194
1.3230623854109893
1.3230415617994318
1.323028851338186
1.3230704412640928
1.323117422920932
1.3230452341287404
1.3229848860910731
1.3230413803299002
1.3229715095859143
1.3229108913775616
1.3233894801142174
1.3233551630735048
1.3232863304455333
1.3232866863937407
1.3232896357577772
1.3231981999323152
1.3231903032694805
1.323215979305757
1.3231386382860946
1.3230860629510302
1.3231038890509315
1.3229928521015817
1.322966183092775
1.3229284823669833
1.3229461659847088
1.3229465318963898
1.3230017193251893
1.3230603609566733
1.32302519382477
1.3229905749896183
1.3229698370715537
1.3229898794727095
1.3229138726198475
1.3229186348221602
1.3228834929754778
1.3228110116181686
1.322258894073002
1.3222455179551627
1.3221619504243671
1.3221459119364423
1.3221132784184766
1.322067239304241
1.3220997681547566
1.3220797077009476
1.3220323017360385
1.3219691953711346
1.321988815164278
1.3219737373453873
1.3219806248647847
1.3219764710937127
1.3219544435359665
1.3220344470371896
1.3226055218886223
1.3219784904791188
1.3219410907519562
1.3225768409845406
1.3225621531855778
1.3225328727446761
1.322432405280425
1.3218110794864482
1.321728416818657
1.3217798302549737
1.3217524653331572
1.3217467618243326
1.3216529235781826
1.3216161266227326
1.321565101522722
1.3215501141174535
1.3214978094414735
1.3214377694435078
1.321445598267044
1.3213798880959056
1.321355091579455
1.3213863674297526
1.3213464004019815
1.3213039042053887
1.3213466135953817
1.3213447808234855
1.3213007094085063
1.321234243619412
1.3212610486165028
1.3212672499211555
1.3213218067611352
1.3212938904948115
1.3212660137932621
1.3211985121905763
1.3211375556835037
1.3211401955383428
1.3211504296905312
1.3211991503110505
1.3211300538799546
1.3211838204240336
1.3211875120571461
1.3211404428623432
1.321167645819928
1.3211010930900406
1.3211370081252847
1.3211470356467783
1.321136596802005
1.321109723749217
1.3210609354228096
1.3210524740474436
1.3210756686482412
1.3210742116903678
1.321111403522402
1.3210470042828717
1.3210749971255193
1.321019344654602
1.3210234963739382
1.3209947564360625
1.3210003201006075
1.3209640298442267
1.3209469661662183
1.3209242389834692
1.3208990999080226
1.3209527109920025
1.3209101122067086
1.3209118414112258
1.3208781666684064
1.320921709744912
1.3208772733513394
1.320880559029865
1.3209417806131758
1.3208573752404649
1.3208446770048767
1.3208542048581884
1.320805137342277
1.3208035597332164
1.320832569064791
1.3208677365312516
1.32089813489085
1.3208976301895552
1.3209400244933458
1.3209624385817609
1.3209717274862733
1.3209111711749226
1.3209308297804945
1.320909060761681
1.320891307082403
1.3209359690108238
1.3210159008376823
1.3210414440178522
1.3209947888611342
1.320991826348798
1.3210137995190676
1.3209853210997882
1.3210294379776055
1.3210201987549341
1.3210645258747675
1.3210497975011712
1.3210068456103305
1.3210288872271148
1.321016134644884
1.3210295937519687
1.3210923167636075
1.3210751574017463
1.3210774101659957
1.3211254793609637
1.321153604533632
1.321157377648712
1.3211277212821841
1.321154025519544
1.3211285569321431
1.321136720776083
1.3211381768241204
1.3210429666778896
1.3210297805556817
1.3210232481540285
1.3210229349257432
1.3209963513957428
1.3210399019701873
1.321066118160516
1.3210606225489117
1.3210190952947676
1.3209223375523755
1.32098146945021
1.3210236466955896
1.3209810985075285
1.3209397834339782
1.3209207993047665
1.3209932290669573
1.3209872337614434
1.3210189151906955
1.3210403419159948
1.3210360047278427
1.3210025753484722
1.3210049452811428
1.3209817916475126
1.321000601749977
1.3210159824784422
1.3210480645703961
1.3210370473404944
1.3209745940054691
1.3209735459357668
1.32092739913518
1.3208947059881535
1.3209125798911774
1.3208937670364402
1.3208812459199868
1.3208518068431336
1.3208436359957931
1.320764575179433
1.3207425352868976
1.320735662818925
1.3207631215061124
1.3207732939539478
1.3207749033517562
1.3207540520986625
1.3207378479931204
1.3207379905282175
1.3207188698089602
1.3207361544847158
1.3207283112805572
1.320712165840206
1.3207394021931034
1.3207476005530243
1.320750832478031
1.3207789016211389
1.320768067911201
1.3207843442536764
1.3207823452049126
1.320740136451999
1.320703589022834
1.3207339606214936
1.320693906332922
1.3206766178604978
1.3206391524758674
1.3206346479162805
1.320638267080354
1.3206455216361372
1.320641453163094
1.3206786226073384
1.3206460780413827
1.320665989937067
1.320665721630017
1.3207102224735032
1.320721265427506
1.320706595027024
1.3207582209841133
1.3207886820253831
1.3207502256845347
1.3207003686827843
1.3207432913609625
1.3207523785821815
1.3207483878498023
1.3207328679781671
1.320732372268358
1.3207359555712146
1.3206818590348846
1.3206356640957184
1.320591558016006
1.3205625115956081
1.3205699101370518
1.3205813980587462
1.320596954391497
1.3205832747661486
1.3205980494002134
1.320606807800066
1.3206491172852672
1.3206258551692278
1.3206592739960095
1.320677279673411
1.3206412703192119
1.3206635398511257
1.3206685966372422
1.320666572648105
1.3206816824932344
1.3206715515300866
1.320703852037633
1.320705413285572
1.3207004810246823
1.3207293236255797
1.3206689080964935
1.32066920625142
1.3206390703217783
1.3206697621714087
1.320715761820856
1.3207207661656213
1.3207289480588122
1.3207585194969433
1.3207779376679256
1.3207698678563944
1.320782268267902
1.320757751645811
1.320781291556641
1.320778186237545
1.3207942409490396
1.320851304355688
1.3208291509118881
1.3208128625235094
1.320861318422655
1.3208720460550603
1.3208607997481374
1.3208659907241107
1.320880938564824
1.3208920958804453
1.3208893424000838
1.3209010894311033
1.3208803065898465
1.3208531051461196
1.3208131482115657
1.320819499020078
1.320806683047839
1.320803937368903
1.3208065745973618
1.3208323531146835
1.3208921602989416
1.3208672945643254
1.320873067410167
1.3208860786731809
1.3209268401021117
1.3209040669525236
1.3208369933794208
1.3208570884368913
1.3208796392653366
1.320845394854264
1.3208508511382013
1.3208600962111576
1.3208564150672206
1.320885422059748
1.3208357264770871
1.3209035656288712
1.3208753056633762
1.3208518504724263
1.3208285214801898
1.3208812420297513
1.3208831624089021
1.3208807272645764
1.320909943648768
1.3208438786002896
1.3208605109368103
1.3208870559354828
1.3209167346673378
1.3209200577502103
1.3209540683722647
1.3209563633031098
1.3209532623025257
1.3209422909322928
1.3209507761851016
1.3209205414695635
1.3209134981481567
1.3210155802799637
1.3210094066200793
1.320956328518652
1.3209463282107738
1.3209603396648282
1.3209262644413289
1.3208951427363331
1.3208786459056616
1.32091487602637
1.3209526592478675
1.3209359213649319
1.3209304210255552
1.320910005813456
1.3209062635025204
1.320906304537904
1.320882283433755
1.3209250392899718
1.320936422772689
1.32093453364834
1.3209630042585605
1.320956915557202
1.3209251333310963
1.320924151886106
1.3208120017353144
1.3208426592109506
1.3208928537368376
1.3209281297184696
1.320930423078629
1.3210367436856758
1.3210497823700842
1.3210701892771919
1.3210636242658318
1.3210866668733237
1.321097967821861
1.3211163242961552
1.3210995837131914
1.3211037999222008
1.3210731869523238
1.3210791144117056
1.3211149953424517
1.3211105413519975
1.3210840071639767
1.3210601772363237
1.3210278824400525
1.321016733725222
1.3210085314230524
1.3210306821142883
1.3210029572373423
1.3209731602365022
1.3209379676010544
1.3209315814956746
1.3209317505910472
1.3209255138762441
1.3209562993250012
1.3209532178078145
1.3209251270394322
1.320917595544571
1.320894389084478
1.3208890630298675
1.3208919806387343
1.3209181173280882
1.320904027101847
1.3209048649064363
1.320972514461157
1.3209701485954206
1.3209244739778299
1.3209267069535164
1.3209406119993181
1.320926662472782
1.320899922780565
1.3209226883411465
1.3209181565896269
1.3208760454138857
1.3208607548800837
1.3208314987929068
1.3208315879100887
1.3208217827337192
1.320815654501404
1.3207827851393794
1.320764196786886
1.32076546292623
1.3207421275993316
1.3207400531787261
1.3207228296125864
1.3207175353640874
1.3206863081906017
1.320700325812502
1.3206970050913835
1.3206947716788775
1.3206591467196485
1.3206602903594693
1.3206590032785155
1.320658519174816
1.320658814036738
1.3206633039375628
1.320654377877218
1.3206884305765076
1.320667113151795
1.3206826751880871
1.320659650159593
1.3206465660744566
1.3206204942770023
1.3206141634691253
1.3206126053376068
1.3206172690974034
1.3205869184496866
1.320603405022554
1.3205939556789195
1.3205884578631173
1.3205730240738673
1.3205841284174873
1.3205756856890765
1.3205520955750947
1.3205548907793592
1.3205492584198926
1.3205465511754668
1.3205403809503458
1.3205453778596752
1.3205568197077244
1.3205572371334349
1.3205305599357382
1.3205568252061723
1.3205370071998384
1.320512851344227
1.3204789252364986
1.3205139639923014
1.3204782988071861
1.3205078603216394
1.320525304190238
1.3205384780471172
1.3205253610390009
1.3205177212122974
1.3205078485073032
1.3204994326868436
1.3204969934744786
1.3205049754537548
1.3204997562773562
1.3205088998639833
1.320466216296392
1.3204607248846532
1.3204261601282068
1.3204120265659562
1.3203905052400133
1.3203929857459826
1.3203936853460692
1.3203691327207994
1.3203695324196623
1.3203509215482798
1.3203508080800344
1.3203481864831297
1.3203562434488996
1.3203933093399915
1.3204258305284542
1.3204281726211478
1.320429046028868
1.320428133957671
1.3204413519075822
1.3204413814431462
1.3204425753701763
1.320439951652596
1.3204593238066107
1.320456817086476
1.32046459930492
1.3204911740765617
1.3205110281988177
1.320514082288707
1.3205196443824088
1.3205150398262064
1.320512460345062
1.320469991799729
1.3204591558256025
1.320442204392663
1.3204290287075438
1.3204075448990171
1.3204203855833891
1.3204157384146034
1.3204096200457158
1.3204197884257394
1.3204474323033226
1.3204551330374084
1.320393381900609
1.3203893677049734
1.320421365094413
1.3204158634710428
1.320398153318352
1.3203773249490858
1.3204118369402398
1.3204030201772887
1.3203932548349753
1.3204234358886813
1.3204379878089183
1.3204428637644319
1.3204471064022394
1.3204429496250416
1.320435213758103
1.320427776860106
1.3203889492692025
1.3203880286084677
1.3203793981729455
1.3203504941656028
1.3203596634764476
1.320379103383835
1.320371799244921
1.3203704869900776
1.3203666879666656
1.3204013039489166
1.320404324255931
1.3204213668416271
1.3204003370657014
1.3203925393483726
1.320424413831662
1.3203746638503866
1.3203792171628441
1.3203777282237712
1.3203920233489246
1.3203463258249128
1.3203366086599957
1.3203447854075132
1.320328907754827
1.3203033842428666
1.320268455007862
1.3202824840252367
1.3202932287544207
1.3202826529156344
1.3202703040452546
1.3202743423736045
1.32028151882496
1.3202622507703297
1.3202473986212597
1.320227344090475
1.3201921495204847
1.3201863690039881
1.3201869669718551
1.320179947204862
1.3201574623410819
1.3201500525239527
1.320157239041406
1.3201510303698945
1.320140315559485
1.3201311949622616
1.320135669437967
1.3201359007639761
1.3201713626018179
1.320156639138436
1.320159751102147
1.3201685276395994
1.320181655258181
1.3201498293997036
1.3201428196484035
1.3201432797733121
1.3201521571482164
1.3201428985824564
1.3201482358664705
1.3201161681314362
1.3201039937253387
1.3201134611523093
1.320100021126709
1.3201051714693468
1.32008746939202
1.320094845654332
1.3201010721856585
1.3200948459861268
1.3200550610206885
1.3200199134931434
1.3200075814379921
1.3200208069002588
1.3200215647434257
1.320027647463212
1.320012632572545
1.3199821847334903
1.319965492009686
1.3199807798030647
1.3199832332830386
1.319974310777945
1.3199627383933767
1.3199559209046983
1.3199275291158357
1.3199331543117978
1.3199400337076517
1.31992479761472
1.3199310021041708
1.3199225766082279
1.319921401628598
1.3199263106918129
1.319945718536562
1.3199265344774338
1.3199167924848596
1.3199240183195915
1.3199616170971575
1.3199466013469914
1.3199150491312457
1.3198979839277478
1.3198783423579037
1.3198942867137198
1.3198759849463582
1.3198568315918824
1.319868765520675
1.3198743451231172
1.3198503757404083
1.319852784023859
1.319835765130849
1.3198537868858404
1.3198664648006702
1.3198886649153458
1.3198658298564478
1.3198634815437524
1.3198378954712042
1.3198469915630706
1.3198617042623884
1.3198829415236182
1.3198695982984985
1.3198598661345644
