1.7140623072989896
1.7739938078488398
1.6942945480379763
1.6798867815915743
1.61134878555855
1.5666936006989882
1.566377811127835
1.525119305578653
1.5137769489205144
1.4943341477974688
1.4996702326381601
1.470018374896087
1.4743662276278955
1.4706061594673752
1.458060165513662
1.4421480386810446
1.4395964982941731
1.4359890201028305
1.4368021567325742
1.4311310468976137
1.4503024400975961
1.4414379118308112
1.4408400295837662
1.4263334192723107
1.4291713273821578
1.4288973289624498
1.4214959526919682
1.4196167115892073
1.4395401059837756
1.4158900204124978
1.4159800929322717
1.414429338651914
1.4126900913646854
1.4119490118923534
1.415451099864763
1.4162133364156133
1.41747204343142
1.417634861772061
1.417858274849563
1.418943769352862
1.4171590256051996
1.4168647769395917
1.4160167976198945
1.4171035622626242
1.4138547838876534
1.415179172072639
1.4156163626160467
1.4140795139835356
1.41410240795601
1.414481398943075
1.4122825613855066
1.4124000093864304
1.4139385883301079
1.4141158415857469
1.4118991469898998
1.410956347137785
1.4109422682013333
1.4110242859692528
1.4108665406742715
1.4113650640172748
1.4113484905737477
1.4107858745083621
1.4107416822482695
1.41022430352987
1.4097033327840809
1.409464022962453
1.4093117691755415
1.4093865985326197
1.4098361270795041
1.4096275679932886
1.4101552488064613
1.4098588520984403
1.3748520524850474
1.3749314971682582
1.375027906642993
1.3746895762415932
1.3738236175940013
1.3740496952158419
1.374490998961039
1.3747564956543519
1.3739955154143193
1.3735332709117742
1.3733011036362845
1.3728613226041961
1.3735433278349958
1.3732635640175865
1.372881093465242
1.372379529867608
1.3725706007354512
1.372449146979574
1.3717991720423675
1.3712703654320375
1.3711910682823012
1.3714365279704743
1.371717705870706
1.371938178394346
1.3711211113215058
1.3706791514905485
1.3709951373849585
1.3708173533847365
1.3703325314751154
1.3701914994759983
1.3700781540589604
1.3698443225636188
1.3697787542778959
1.3696655716629025
1.3696368583666771
1.3693258941147155
1.3691897086569014
1.3691446046231108
1.3689823082858574
1.368411222032429
1.3684932168443373
1.368768635342314
1.3687743127453238
1.3681431486532576
1.3681348291596875
1.3680569858630542
1.3685830301257262
1.3683533861435935
1.368459504973193
1.3677920094342593
1.3676156120796272
1.3678969899811113
1.3678021816665418
1.3674765891571201
1.367224784688721
1.3671527582367662
1.3671634201567529
1.366923938415659
1.36666376312053
1.3664810762964419
1.3667555456952383
1.366351176559472
1.3659865094005244
1.3658524961829377
1.3658414259192933
1.3661722084967949
1.3656808276067842
1.36524588758535
1.3654155225329516
1.3650311717959611
1.3647958798654254
1.3645984233294628
1.3638303172007074
1.363580152868118
1.3634446145935617
1.363056598487823
1.3631969337364769
1.3636692982399539
1.36353861275041
1.3635630062893649
1.3634768796902952
1.3632589229491479
1.3632675339673914
1.3633473510699132
1.3634545459880263
1.363521636438874
1.3636427860287046
1.3635022331582265
1.363382043001826
1.3634169821035726
1.3636039721835278
1.3630424605729965
1.3633035948797168
1.3629053664572153
1.362982216292028
1.3627464235442315
1.3626163788548313
1.362505397408918
1.362705237387676
1.362899610859745
1.3625769127275962
1.362635344480288
1.3625969323216183
1.3625674987203826
1.3624054731568387
1.3623643493906012
1.3623873239271618
1.3622343275903965
1.3620078212066777
1.3619682665991741
1.3618983188788867
1.3620245750177087
1.3622611324921143
1.362266966264536
1.3618283780071716
1.3617694535770277
1.3618494309560099
1.3617128421937548
1.362094395970678
1.3622738842999222
1.3623843475106994
1.3624101722846305
1.362472734253365
1.3625314172931582
1.3622540781213237
1.3621841684745877
1.3617978379199729
1.3616625558051023
1.3617192257814725
1.3617296041756655
1.361574364832691
1.3612429182794878
1.3610177285534486
1.3609838175645323
1.3609167023927533
1.360702843255353
1.360707631524745
1.3607159960761581
1.3605233111087147
1.360150346440186
1.3600980699768856
1.3601245873965686
1.3601937216525295
1.3604350932819231
1.3602367850847825
1.3600809861440937
1.35993974703476
1.3601461513082478
1.361042338631557
1.360982128300948
1.3608025805525077
1.3606695787285012
1.3608595488325448
1.360846777485086
1.3608521801623519
1.360716105269714
1.3605669849207924
1.3607348173521066
1.3606302852838432
1.3608905541814638
1.3609478815376632
1.3596692816430762
1.3597912727228303
1.3598977395500453
1.359851836417523
1.3596683339985733
1.3597468620040358
1.359966483017841
1.3599935038838729
1.359808673505631
1.359977992868655
1.3598726355208086
1.3598777365247725
1.359868313278335
1.3597843380374808
1.3598448357291848
1.359646422427628
1.359617973269371
1.359310288794382
1.3594191679826968
1.3593439076948897
1.3593101506910592
1.359328503884939
1.359431911825957
1.3595728370918003
1.3596490717990721
1.3596145124103887
1.3595256152855948
1.3593110245079385
1.3593280957451508
1.3592322813186044
1.359381785454954
1.3594074184103888
1.3593546704159216
1.3592056093287894
1.3593636780326113
1.3593472635035526
1.3591837481309383
1.359115724809675
1.358902071322265
1.3587730442971782
1.3588272913352604
1.3587892850298455
1.3585839977023173
1.3586816285412087
1.3587687865824505
1.3586050254155344
1.3586848102739673
1.3588826128350622
1.3587119841038282
1.3587258822873862
1.358666305039475
1.3588207206769602
1.3587917836422767
1.358682703925375
1.3587201699043467
1.3585296866685104
1.3584281913024767
1.3583090778466307
1.3583405877963268
1.358388686265864
1.358657549944032
1.3587562640037978
1.3585720792730385
1.358558139409228
1.3587235384030911
1.3586423135312589
1.3586622643492239
1.3588355557050744
1.3587056874627557
1.3586426198548411
1.358741341537592
1.3586405214679247
1.3593045059905295
1.3592369551709051
1.3592658719994402
1.3591254115785332
1.3591551967396869
1.359175999913775
1.358421546730344
1.3584669911254645
1.3583645143055576
1.3584328197578517
1.3584786699931404
1.3584721224091398
1.3592911076790057
1.3595206756477516
1.3585986324448898
1.3586683370072086
1.3586731248738724
1.3586832579211368
1.3586653373630089
1.3585584258955758
1.3585471750476745
1.3585247680161185
1.3587024540831394
1.359497416157451
1.3594817887550594
1.3595113681917823
1.3594339870522483
1.358583941107807
1.3583975287127115
1.358479135571826
1.3584872256649794
1.3586693852869667
1.358607807938368
1.358562572366761
1.3585699521499697
1.3583203864928743
1.3581075197920471
1.3580508138370386
1.3580577941976684
1.3579714068532391
1.3579412372832995
1.357855063747512
1.3580199444298025
1.3579633848140444
1.357986324377564
1.3587891956033957
1.3587881709173304
1.3580534620186524
1.3587852002732788
1.3586901016819086
1.3585207970022866
1.3575951484882312
1.3574542660882645
1.3574390845898203
1.3573112057512118
1.357308294023564
1.3572083530548995
1.3572342437196812
1.3572146101846774
1.357223212772474
1.3571908360931328
1.3571093716873812
1.3570778579798153
1.3570232721594673
1.3569862159811914
1.3570038914368312
1.3570031943015375
1.357026923793361
1.3568148824797275
1.3567820119097531
1.3567098201494965
1.356625142558384
1.3566252482518197
1.356710589716083
1.356546981058934
1.3564969262167852
1.356540993601983
1.356533607841519
1.3568539491001401
1.3569252227841924
1.3568405052118686
1.3567801231771128
1.3566767743793768
1.356695692355701
1.3573332876785547
1.357241342544926
1.3571701997962888
1.3571246889620803
1.3570944921799775
1.3571253379389472
1.3570611457752828
1.3568083001810993
1.3567533843378228
1.3568363304134339
1.3569554013188607
1.356732769290666
1.3564958572309493
1.3567044404317714
1.3567445256797317
1.356722841227768
1.356614773396533
1.356620717684277
1.3565645988002721
1.3565599001819248
1.3563906617574086
1.3560362250286773
1.3562588980405785
1.3561761898169011
1.3561030556584526
1.3560340868352943
1.3559974717588208
1.3558666114746238
1.3559541733360503
1.3558875441004308
1.3558490305456563
1.3557947279606848
1.3557986331286087
1.3557890358873435
1.3557190972599003
1.355663052839031
1.355572342457896
1.3554313658302855
1.3554764986505659
1.355541658285838
1.3556213246013757
1.355530871956218
1.3554987016257463
1.355424875791899
1.3553801948333182
1.3553822673919815
1.3554327254242076
1.3554553532340172
1.355382800027772
1.3553931157320407
1.355321483101507
1.355259355551795
1.3552475961937693
1.3551498735478449
1.3552335795507007
1.3544828118767969
1.3544283520494425
1.355217759013321
1.355154849225649
1.3551404338916648
1.3551580343791454
1.3552010425824041
1.355210717432043
1.3551109974992583
1.3551298665802545
1.3550858459617119
1.3543136366414412
1.354296746770796
1.3543411452191054
1.354308601253424
1.3550560579893052
1.3550375076409342
1.3550192572575022
1.3543012524755216
1.3543218999848345
1.3543746929859244
1.3543389940988875
1.354339609631009
1.3551172721203188
1.3551052880890904
1.3550844852348565
1.3542304769207365
1.3550100764565791
1.3541804974017078
1.3549813246690776
1.3549111081774174
1.3549621542357178
1.3541868560810755
1.354224566156624
1.3541998604371117
1.3542460525971742
1.3542929864219089
1.3542707787946444
1.3541864562748072
1.3541673862287082
1.3541933032558777
1.354136080212967
1.3541456914465622
1.354227013733177
1.3542504861630724
1.3542060306193844
1.354239857486279
1.3542666168994502
1.3542312006465569
1.354338984860264
1.3542803256662665
1.3543278035839228
1.3542900879189608
1.3541641870229002
1.3541424309092716
1.354051754940459
1.3540506376556518
1.3540942786214343
1.3540974486780712
1.3541687718659507
1.3541430904546892
1.3541267522298506
1.3540552108065673
1.3540554101332867
1.3540493683761243
1.3540393968286804
1.3540063820493309
1.3539814793146512
1.353940153547838
1.3539935822792097
1.3539716305143177
1.3539849770066057
1.3539342527445168
1.3539590411541012
1.3539632796937513
1.3540228748561403
1.3539991230706643
1.354001982223753
1.3540230416274701
1.3540645303989691
1.3539912698021317
1.3539411959643075
1.3540116272921496
1.3540222556419104
1.3540490106677787
1.3541149455668573
1.3541359842601626
1.3541470046461008
1.3540681718409273
1.3541718844276445
1.3541482039076125
1.3541241378274267
1.354124916335097
1.3541863947437511
1.3541762717047692
1.354090866237645
1.354110715556919
1.3540033993550313
1.3539504090488057
1.3539591354737115
1.3538563145677103
1.3538203638758801
1.3538271022201682
1.3537952510638553
1.3537757353967115
1.3537717188740228
1.353732486349502
1.3537597218446256
1.3536729842025284
1.353695596192798
1.3537002738627024
1.3536966232268335
1.3536594259879773
1.353609049535635
1.3536515917370162
1.3536472158902113
1.3536609992219406
1.3536327988913894
1.3536678936891524
1.3536470578914677
1.3536845723075375
1.3537137960023835
1.353705043349671
1.3536850119020873
1.3537355324080895
1.3536610950158914
1.3536821496216758
1.3536073435287221
1.3536072509483212
1.3536016246139975
1.3535900777413634
1.353600835994967
1.3536616583498837
1.353686716094498
1.3537228567860777
1.3537217928717717
1.3537378077608229
1.3536958485652362
1.3537428243270504
1.3537807234263965
1.3538122493419342
1.3538207477772197
1.3538226375921134
1.3537963812302205
1.3537209581628953
1.3537525840671516
1.353737515431983
1.3537299837889327
1.3537039065082783
1.3537401470796453
1.3537114576823248
1.3536568060345808
1.3536758593141212
1.3536277243914003
1.35356883842581
1.3535735870839938
1.3536290291976054
1.3535785034288663
1.3535368010454136
1.353498463330082
1.3535091187581827
1.353535037527354
1.3535139669917216
1.3535536968771482
1.3536131455799574
1.3535708604420578
1.3535734640014307
1.3535942948024913
1.353549263238624
1.3535556786894716
1.3535336607855237
1.3535791101976535
1.3536368484699939
1.3536091339195357
1.3536359858244917
1.3535712207050785
1.3535610325416492
1.3535042208763064
1.353545265464809
1.35355351069302
1.353546294921915
1.3535237958546498
1.353545166811634
1.3535688882029917
1.3535552986970851
1.353542431549468
1.3535115068093708
1.3536177497803525
1.353641116981485
1.3536749207302068
1.3537478687428217
1.3537439794044326
1.3537325485857448
1.3537455671934304
1.353736349197199
1.3537649853878666
1.3537713531169315
1.3537746995663253
1.3537372016739264
1.3537944456340762
1.3537677450814436
1.353757885434754
1.3537106192213162
1.353603699532308
1.3535634250940498
1.3535360078484775
1.353552472233343
1.3536104350192302
1.3535920399286303
1.3535696705405864
1.353535526104076
1.3535502737107372
1.3535131403753748
1.353536515970134
1.3535171596590563
1.3535714469634452
1.3535845266480784
1.3535440349041707
1.3535332523028947
1.353515290120538
1.3534872793330712
1.3534489569570542
1.3534747236241693
1.3534485816013955
1.3534615521019502
1.3533810078599167
1.353405049047359
1.3533795052281796
1.3533670542721328
1.3533584707043522
1.3533161862032888
1.353306345635837
1.3532862673168182
1.3533613727254672
1.3534151487775243
1.3534065312582906
1.3533980270070245
1.3534797113045853
1.3535013012372283
1.3535060695387777
1.3534906070192454
1.3534698735386175
1.3534768301480666
1.3534899621802292
1.353455673106
1.3533763760119124
1.3533389088740766
1.3533326754521677
1.353379135655408
1.3533731102955355
1.3533839969863086
1.353410198668251
1.3534099716234027
1.3534317873263155
1.353393696840468
1.353391121136545
1.3533300944428643
1.353365480435263
1.3534322249789772
1.3534364451391472
1.3535045291138343
1.3535624788009568
1.3535619707781736
1.3535269692305436
1.353529685724923
1.3534940815787224
1.353525387368242
1.353511027596707
1.3535107160914475
1.353614120491343
1.3536370107652302
1.3536268201190857
1.353646674071488
1.353671874579009
1.3537254930652869
1.3537499184678594
1.3537412844732248
1.3538075216150753
1.3537791114026234
1.3538196329805163
1.3538075286773958
1.3538129145488218
1.3537591883591076
1.3537955674992608
1.3537944014866035
1.35381449996941
1.353793508256949
1.3537334332582498
1.3536952478377031
1.3536912192978192
1.353713900717551
1.353696312340037
1.3536496009933627
1.3535945060068197
1.3536150361930608
1.3535752701389
1.353542202526684
1.353553168592578
1.3535571449789354
1.3534966450122252
1.353496016841771
1.353459657197434
1.3534381588525455
1.3534579508219369
1.3534529949005076
1.3534103105934465
1.353436536906947
1.3535183409136602
1.353531078591612
1.3534580295860936
1.3534776669838204
1.3534447000155971
1.353413179342325
1.353384153601323
1.3534510018025423
1.35347864476678
1.3534176379196277
1.3533938314946434
1.3533693590000162
1.3533304587073216
1.353355337581775
1.3531831429916839
1.3531218528487228
1.3530603365162526
1.3530370144356527
1.3530434645979512
1.3530715474701092
1.3530673596136629
1.3530577991304267
1.3529917265883513
1.35297726669152
1.3530079393859997
1.3529753854401567
1.3529525704693395
1.3529229034458474
1.3528878266491948
1.3528965969439009
1.352908323145659
1.3529130637017188
1.3529312689002
1.3529506784847416
1.3529387338286325
1.3529317534978587
1.3529141618621772
1.3528713708660665
1.3528204037396285
1.352814604881568
1.352805298460244
1.3527494893653675
1.352692734718247
1.3527310978457736
1.3526903937841463
1.3526704064221444
1.3526911197946012
1.3527074612959555
1.3526834583707208
1.3526719676731958
1.352705670929036
1.3526685748207896
1.3526682106832497
1.3526994761180904
1.3527053259524655
1.3527334184861821
1.3526965516393668
1.3527399291280318
1.3527760220955933
1.3527461850802898
1.3527053718446616
1.3526888836142499
1.3527747637202376
1.3527527430552853
1.3528066380166954
1.3528573529722683
1.3528984838267573
1.3528462499080283
1.3528415540390892
1.352841193871005
1.3528527433995712
1.352856929314349
1.3528627419274681
1.3528622081457427
1.3528863977468466
1.3528624408157077
1.3528251049134474
1.352802725931512
1.3528000797513537
1.3527906242561385
1.3528109067853091
1.3528148415045917
1.3527780458036813
1.3528149483039633
1.352765436038584
1.3527588980414507
1.3527601658392427
1.3527672012478433
1.352803579061555
1.3528262854303421
1.3528069579759243
1.3528339013815984
1.352835025287193
1.3528553114837931
1.3528529751362004
1.3528510479161093
1.3528678619371146
1.3528826405585488
1.3528361385465073
1.3528226028431802
1.3528186347366586
1.3528357809410358
1.3528575162303675
1.3528605614091025
1.3528201783893092
1.3528148046394683
1.352758760844272
1.3527269522078478
1.3527283862946509
1.3527044333223552
1.352652879574267
1.3526441399487936
1.352648212891439
1.3526212775519693
1.3526390757642217
1.352656182387454
1.3526750438803885
1.352608891142929
1.3525945541646696
1.3526422136520981
1.3526666580805415
1.3526721486840667
1.3526290465732056
1.3526261422020867
1.3526137421300348
1.352604817448411
1.3526186604360673
1.3526385230282525
1.352634017417468
1.3526829550269792
1.35269082468271
1.352711829234161
1.3527021205191323
1.3526881683585024
1.3526847524220613
1.3526764233460011
1.352606641884583
1.3526174655758925
1.3526398898285532
1.3526418864252865
1.3526519894237925
1.3526370428108665
1.352670238605153
1.3526923472663501
1.3526953489389295
1.352656088973759
1.3526439909314294
1.3526526660653055
1.3525934092400547
1.3525798978284793
1.3525915432796625
1.3526114355499144
1.3525856896756874
1.3525974271215528
1.3526209477863838
1.3526210205104854
1.3525312885719472
1.3524836407896963
1.352487018277085
1.3525155111615321
1.352504473658382
1.3525004993074217
1.352475846209733
1.3524819588774502
1.3524660088451887
1.3524345420988966
1.3523763418779726
1.352343459809155
1.3523669920365504
1.3523599355952418
1.3523323107268586
1.3523089363017071
1.3523087420846385
1.3523004760037836
1.3522523455013764
1.3522303783877574
1.35220302549018
1.352237329422174
1.352276086825522
1.352297242619259
1.3523188373460573
1.3523009030031958
1.3523078987835548
1.3523063143740164
1.3522457015929992
1.3522240513956665
1.3522210405097321
1.3522128682420833
1.3522151724405136
1.352213187301419
1.352189416068819
1.3521789956668069
1.3521788592811703
1.3521362684737126
1.3521807928090837
1.3521899499201138
1.3521657004649645
1.352184080427064
1.3521594940436692
1.3520932462446047
1.3520856033771254
1.3520370689790264
1.352035273966505
1.3520293725712937
1.3520298268617266
1.352010952759077
1.3519678556793115
1.3519661513368069
1.3519575587381192
1.3519424751363267
1.3519172978132084
1.351893425499736
1.3519063567556733
1.3518555543299218
1.351847297235828
1.3518445580905787
1.3518406064673458
1.351854548360335
1.351876418643393
1.3518642920289976
1.3518856531415975
1.3518874009260686
1.3518788575613143
1.3518797804358704
1.3518779005168982
1.3519291240382214
1.3519429205375237
1.3518949625539114
1.3518648062569585
1.3518671011848113
1.3518669603648903
1.3518263064188925
1.3518020468187673
1.3518565329435848
1.351861612749937
1.3518355907294182
1.3518604452753888
1.351840768715283
1.351848157038871
1.3518823893260519
1.3519211958176738
1.35192539792591
1.351928161472736
1.3519361296689423
1.3519436878233377
1.351961992354375
1.3519808942522906
1.3519393064387373
1.3519240214491406
